<?xml version="1.0" encoding="utf-8"?>
<COLLADA xmlns="http://www.collada.org/2005/11/COLLADASchema" version="1.4.1">
  <asset><contributor><author>Mixamo</author><authoring_tool>COLLADA Mixamo exporter</authoring_tool><comments></comments></contributor><created>2019-11-29T15:18:19Z</created><modified>2019-11-29T15:18:19Z</modified><revision></revision><title></title><unit meter="0.010000"/><up_axis>Y_UP</up_axis></asset>
  <library_animations>
    <animation id="mixamorig_Hips-anim" name="mixamorig_Hips"><source id="mixamorig_Hips-Matrix-animation-input"><float_array id="mixamorig_Hips-Matrix-animation-input-array" count="371">

0.000000 0.033333 0.066667 0.100000 0.133333 0.166667 0.200000 0.233333 0.266667 0.300000 0.333333 0.366667 0.400000 0.433333 0.466667 0.500000
0.533333 0.566667 0.600000 0.633333 0.666667 0.700000 0.733333 0.766667 0.800000 0.833333 0.866667 0.900000 0.933333 0.966667 1.000000 1.033333
1.066667 1.100000 1.133333 1.166667 1.200000 1.233333 1.266667 1.300000 1.333333 1.366667 1.400000 1.433333 1.466667 1.500000 1.533333 1.566667
1.600000 1.633333 1.666667 1.700000 1.733333 1.766667 1.800000 1.833333 1.866667 1.900000 1.933333 1.966667 2.000000 2.033333 2.066667 2.100000
2.133333 2.166667 2.200000 2.233333 2.266667 2.300000 2.333333 2.366667 2.400000 2.433333 2.466667 2.500000 2.533333 2.566667 2.600000 2.633333
2.666667 2.700000 2.733333 2.766667 2.800000 2.833333 2.866667 2.900000 2.933333 2.966667 3.000000 3.033333 3.066667 3.100000 3.133333 3.166667
3.200000 3.233333 3.266667 3.300000 3.333333 3.366667 3.400000 3.433333 3.466667 3.500000 3.533333 3.566667 3.600000 3.633333 3.666667 3.700000
3.733333 3.766667 3.800000 3.833333 3.866667 3.900000 3.933333 3.966667 4.000000 4.033333 4.066667 4.100000 4.133333 4.166667 4.200000 4.233333
4.266667 4.300000 4.333333 4.366667 4.400000 4.433333 4.466667 4.500000 4.533333 4.566667 4.600000 4.633333 4.666667 4.700000 4.733333 4.766667
4.800000 4.833333 4.866667 4.900000 4.933333 4.966667 5.000000 5.033333 5.066667 5.100000 5.133333 5.166667 5.200000 5.233333 5.266667 5.300000
5.333333 5.366667 5.400000 5.433333 5.466667 5.500000 5.533333 5.566667 5.600000 5.633333 5.666667 5.700000 5.733333 5.766667 5.800000 5.833333
5.866667 5.900000 5.933333 5.966667 6.000000 6.033333 6.066667 6.100000 6.133333 6.166667 6.200000 6.233333 6.266667 6.300000 6.333333 6.366667
6.400000 6.433333 6.466667 6.500000 6.533333 6.566667 6.600000 6.633333 6.666667 6.700000 6.733333 6.766667 6.800000 6.833333 6.866667 6.900000
6.933333 6.966667 7.000000 7.033333 7.066667 7.100000 7.133333 7.166667 7.200000 7.233333 7.266667 7.300000 7.333333 7.366667 7.400000 7.433333
7.466667 7.500000 7.533333 7.566667 7.600000 7.633333 7.666667 7.700000 7.733333 7.766667 7.800000 7.833333 7.866667 7.900000 7.933333 7.966667
8.000000 8.033333 8.066667 8.100000 8.133333 8.166667 8.200000 8.233333 8.266667 8.300000 8.333333 8.366667 8.400000 8.433333 8.466667 8.500000
8.533333 8.566667 8.600000 8.633333 8.666667 8.700000 8.733333 8.766667 8.800000 8.833333 8.866667 8.900000 8.933333 8.966667 9.000000 9.033333
9.066667 9.100000 9.133333 9.166667 9.200000 9.233333 9.266667 9.300000 9.333333 9.366667 9.400000 9.433333 9.466667 9.500000 9.533333 9.566667
9.600000 9.633333 9.666667 9.700000 9.733333 9.766667 9.800000 9.833333 9.866667 9.900000 9.933333 9.966667 10.000000 10.033333 10.066667 10.100000
10.133333 10.166667 10.200000 10.233333 10.266667 10.300000 10.333333 10.366667 10.400000 10.433333 10.466667 10.500000 10.533333 10.566667 10.600000 10.633333
10.666667 10.700000 10.733333 10.766667 10.800000 10.833333 10.866667 10.900000 10.933333 10.966667 11.000000 11.033333 11.066667 11.100000 11.133333 11.166667
11.200000 11.233333 11.266667 11.300000 11.333333 11.366667 11.400000 11.433333 11.466667 11.500000 11.533333 11.566667 11.600000 11.633333 11.666667 11.700000
11.733333 11.766667 11.800000 11.833333 11.866667 11.900000 11.933333 11.966667 12.000000 12.033333 12.066667 12.100000 12.133333 12.166667 12.200000 12.233333
12.266667 12.300000 12.333333</float_array><technique_common><accessor source="#mixamorig_Hips-Matrix-animation-input-array" count="371"><param name="TIME" type="float"/></accessor></technique_common></source><source id="mixamorig_Hips-Matrix-animation-output-transform"><float_array id="mixamorig_Hips-Matrix-animation-output-transform-array" count="5936">

0.993979 0.060931 -0.091066 0.261664 -0.055103 0.996350 0.065192 98.996208 0.094706 -0.059781 0.993709 -0.126358 0.000000 0.000000 0.000000 1.000000
0.995172 0.046922 -0.086199 0.005794 -0.041448 0.997073 0.064239 98.800964 0.088961 -0.060357 0.994205 0.027229 0.000000 0.000000 0.000000 1.000000
0.996149 0.032914 -0.081269 -0.248028 -0.027789 0.997601 0.063407 98.606361 0.083161 -0.060905 0.994673 0.179832 0.000000 0.000000 0.000000 1.000000
0.996902 0.018886 -0.076357 -0.502873 -0.014100 0.997931 0.062735 98.411438 0.077384 -0.061464 0.995105 0.332927 0.000000 0.000000 0.000000 1.000000
0.997426 0.004819 -0.071547 -0.761815 -0.000356 0.998060 0.062260 98.215256 0.071708 -0.062074 0.995492 0.487991 0.000000 0.000000 0.000000 1.000000
0.997715 -0.009307 -0.066924 -1.027925 0.013469 0.997984 0.062015 98.016869 0.066212 -0.062774 0.995829 0.646500 0.000000 0.000000 0.000000 1.000000
0.997656 -0.023942 -0.064108 -1.362640 0.027970 0.997640 0.062704 97.797394 0.062455 -0.064350 0.995971 0.837983 0.000000 0.000000 0.000000 1.000000
0.997296 -0.036938 -0.063532 -1.754754 0.041001 0.997114 0.063890 97.562531 0.060988 -0.066322 0.995933 1.080549 0.000000 0.000000 0.000000 1.000000
0.996208 -0.053357 -0.068724 -2.203019 0.057862 0.996186 0.065311 97.308296 0.064977 -0.069039 0.995496 1.319248 0.000000 0.000000 0.000000 1.000000
0.994541 -0.071459 -0.076039 -2.694735 0.076501 0.994909 0.065606 97.050804 0.070964 -0.071065 0.994944 1.467967 0.000000 0.000000 0.000000 1.000000
0.991617 -0.094771 -0.087835 -3.347550 0.100281 0.993112 0.060597 96.796440 0.081487 -0.068897 0.994290 1.170653 0.000000 0.000000 0.000000 1.000000
0.991079 -0.099506 -0.088658 -4.428404 0.103714 0.993626 0.044179 96.292236 0.083697 -0.052980 0.995082 0.118885 0.000000 0.000000 0.000000 1.000000
0.993676 -0.091803 -0.064652 -5.707803 0.093604 0.995286 0.025397 95.632248 0.062016 -0.031288 0.997585 -1.196260 0.000000 0.000000 0.000000 1.000000
0.998312 -0.054899 0.018960 -7.380124 0.054894 0.998492 0.000777 94.540764 -0.018974 0.000265 0.999820 -2.863973 0.000000 0.000000 0.000000 1.000000
0.992479 -0.009278 0.122063 -8.953334 0.012943 0.999488 -0.029272 93.658798 -0.121729 0.030632 0.992091 -4.488671 0.000000 0.000000 0.000000 1.000000
0.972827 0.017988 0.230834 -9.961248 -0.006633 0.998734 -0.049872 93.545395 -0.231439 0.046986 0.971714 -5.670809 0.000000 0.000000 0.000000 1.000000
0.949803 0.035894 0.310782 -10.520703 -0.016171 0.997701 -0.065811 94.170700 -0.312430 0.057482 0.948200 -6.511467 0.000000 0.000000 0.000000 1.000000
0.948794 0.044512 0.312745 -10.589537 -0.020905 0.996700 -0.078438 95.964020 -0.315204 0.067884 0.946593 -6.930946 0.000000 0.000000 0.000000 1.000000
0.959968 0.043223 0.276757 -10.178551 -0.019857 0.996038 -0.086681 98.107002 -0.279407 0.077716 0.957023 -7.072037 0.000000 0.000000 0.000000 1.000000
0.975092 0.033149 0.219309 -9.217085 -0.012733 0.995504 -0.093859 99.923843 -0.221434 0.088729 0.971130 -7.041645 0.000000 0.000000 0.000000 1.000000
0.987927 0.015058 0.154188 -7.907365 0.000076 0.995218 -0.097684 101.416191 -0.154922 0.096516 0.983201 -6.867718 0.000000 0.000000 0.000000 1.000000
0.993142 -0.014966 0.115953 -6.129025 0.025038 0.995989 -0.085903 101.594177 -0.114202 0.088217 0.989533 -6.478020 0.000000 0.000000 0.000000 1.000000
0.994472 -0.035808 0.098709 -4.136074 0.042080 0.997176 -0.062209 100.885483 -0.096203 0.066018 0.993170 -5.632994 0.000000 0.000000 0.000000 1.000000
0.994617 -0.044426 0.093610 -2.089694 0.048208 0.998094 -0.038531 99.337624 -0.091720 0.042836 0.994863 -4.327594 0.000000 0.000000 0.000000 1.000000
0.995729 -0.053098 0.075533 -0.064101 0.055414 0.998045 -0.028904 97.082916 -0.073851 0.032966 0.996724 -2.981318 0.000000 0.000000 0.000000 1.000000
0.996954 -0.077104 0.011769 1.810873 0.077479 0.996356 -0.035672 94.293549 -0.008976 0.036475 0.999294 -2.239056 0.000000 0.000000 0.000000 1.000000
0.987887 -0.105238 -0.114035 3.085744 0.100331 0.993797 -0.047965 91.721710 0.118375 0.035943 0.992318 -2.678616 0.000000 0.000000 0.000000 1.000000
0.962180 -0.126771 -0.241122 4.070790 0.114797 0.991381 -0.063134 89.414543 0.247047 0.033066 0.968439 -3.455378 0.000000 0.000000 0.000000 1.000000
0.939419 -0.112511 -0.323781 4.206807 0.098043 0.993329 -0.060712 88.213242 0.328451 0.025289 0.944182 -4.736322 0.000000 0.000000 0.000000 1.000000
0.945290 -0.072365 -0.318105 3.711798 0.059562 0.996981 -0.049806 87.900414 0.320749 0.028134 0.946746 -5.722300 0.000000 0.000000 0.000000 1.000000
0.969258 -0.025561 -0.244717 2.528645 0.014199 0.998742 -0.048083 88.529175 0.245638 0.043130 0.968402 -6.154122 0.000000 0.000000 0.000000 1.000000
0.986298 0.016325 -0.164164 0.567921 -0.026148 0.997983 -0.057852 90.041756 0.162888 0.061351 0.984735 -6.110940 0.000000 0.000000 0.000000 1.000000
0.991096 0.055053 -0.121235 -2.099384 -0.063833 0.995519 -0.069772 92.302628 0.116850 0.076890 0.990169 -5.837698 0.000000 0.000000 0.000000 1.000000
0.989760 0.091657 -0.109430 -5.226268 -0.100973 0.991432 -0.082867 94.946930 0.100897 0.093068 0.990534 -5.516021 0.000000 0.000000 0.000000 1.000000
0.988264 0.118901 -0.095905 -8.446679 -0.128795 0.986141 -0.104585 97.120987 0.082141 0.115709 0.989881 -5.113601 0.000000 0.000000 0.000000 1.000000
0.990190 0.125206 -0.062018 -11.493213 -0.132682 0.981718 -0.136471 98.097313 0.043797 0.143361 0.988701 -4.376936 0.000000 0.000000 0.000000 1.000000
0.993840 0.110013 -0.013360 -14.276660 -0.110710 0.980211 -0.164100 97.732666 -0.004958 0.164569 0.986353 -3.058636 0.000000 0.000000 0.000000 1.000000
0.995103 0.091379 0.037691 -16.740576 -0.083841 0.982245 -0.167827 96.119522 -0.052358 0.163846 0.985096 -1.278555 0.000000 0.000000 0.000000 1.000000
0.992342 0.088786 0.085869 -18.862247 -0.076173 0.987159 -0.140407 93.881462 -0.097232 0.132791 0.986363 0.363139 0.000000 0.000000 0.000000 1.000000
0.986245 0.102102 0.129981 -20.691683 -0.090424 0.991571 -0.092794 91.589699 -0.138360 0.079765 0.987165 1.182279 0.000000 0.000000 0.000000 1.000000
0.981976 0.098955 0.161029 -22.261330 -0.091484 0.994385 -0.053185 90.219780 -0.165388 0.037495 0.985516 0.893863 0.000000 0.000000 0.000000 1.000000
0.978783 0.088445 0.184829 -23.638081 -0.085918 0.996067 -0.021654 89.269753 -0.186017 0.005314 0.982532 0.334996 0.000000 0.000000 0.000000 1.000000
0.980109 0.063791 0.187929 -24.310133 -0.060405 0.997893 -0.023697 89.497299 -0.189045 0.011874 0.981897 -0.468570 0.000000 0.000000 0.000000 1.000000
0.980976 0.061342 0.184181 -24.019175 -0.053519 0.997453 -0.047152 90.714035 -0.186604 0.036398 0.981761 -1.060309 0.000000 0.000000 0.000000 1.000000
0.981747 0.063828 0.179162 -23.405146 -0.050895 0.995817 -0.075882 92.274963 -0.183256 0.065379 0.980889 -1.588580 0.000000 0.000000 0.000000 1.000000
0.982190 0.069666 0.174500 -22.138771 -0.050966 0.992685 -0.109446 94.567673 -0.180848 0.098604 0.978556 -2.011338 0.000000 0.000000 0.000000 1.000000
0.985380 0.055858 0.160955 -20.509535 -0.032249 0.988800 -0.145722 97.077415 -0.167292 0.138401 0.976145 -2.428486 0.000000 0.000000 0.000000 1.000000
0.990299 0.025355 0.136622 -18.517595 -0.000618 0.984005 -0.178140 99.283951 -0.138953 0.176327 0.974475 -2.766316 0.000000 0.000000 0.000000 1.000000
0.993715 -0.003397 0.111886 -16.112658 0.025100 0.980848 -0.193151 100.635902 -0.109088 0.194745 0.974769 -2.735106 0.000000 0.000000 0.000000 1.000000
0.995419 -0.012110 0.094835 -13.225293 0.029372 0.982711 -0.182803 100.899445 -0.090982 0.184751 0.978565 -2.014525 0.000000 0.000000 0.000000 1.000000
0.996979 -0.006833 0.077376 -10.067677 0.018785 0.987765 -0.154816 100.017296 -0.075372 0.155802 0.984909 -0.576967 0.000000 0.000000 0.000000 1.000000
0.998989 -0.014436 0.042581 -7.248554 0.019530 0.992368 -0.121755 98.302299 -0.040498 0.122463 0.991646 1.129235 0.000000 0.000000 0.000000 1.000000
0.998724 -0.049739 -0.008796 -5.291585 0.048758 0.994812 -0.089285 96.116211 0.013191 0.088742 0.995967 2.368494 0.000000 0.000000 0.000000 1.000000
0.994905 -0.091758 -0.041768 -4.274600 0.089266 0.994315 -0.058053 94.117470 0.046857 0.054029 0.997439 2.559288 0.000000 0.000000 0.000000 1.000000
0.996007 -0.088495 0.011776 -3.929206 0.089005 0.994571 -0.053919 93.250015 -0.006941 0.054752 0.998476 1.753521 0.000000 0.000000 0.000000 1.000000
0.993773 -0.078095 0.079475 -3.682928 0.082504 0.995138 -0.053788 92.512939 -0.074888 0.060010 0.995385 0.803929 0.000000 0.000000 0.000000 1.000000
0.987047 -0.064701 0.146808 -3.462526 0.073798 0.995621 -0.057386 91.916130 -0.142453 0.067476 0.987499 -0.192650 0.000000 0.000000 0.000000 1.000000
0.978425 -0.053369 0.199591 -3.194762 0.067169 0.995750 -0.063016 91.469513 -0.195380 0.075063 0.977851 -1.139378 0.000000 0.000000 0.000000 1.000000
0.984378 -0.055678 0.167035 -2.695308 0.070072 0.994202 -0.081556 92.276321 -0.161526 0.091986 0.982572 -1.888327 0.000000 0.000000 0.000000 1.000000
0.991934 -0.073811 0.103044 -1.908245 0.083605 0.992037 -0.094201 94.072891 -0.095271 0.102056 0.990206 -2.557967 0.000000 0.000000 0.000000 1.000000
0.993191 -0.099585 0.060450 -0.454161 0.105753 0.988368 -0.109294 96.638641 -0.048862 0.114942 0.992170 -2.744698 0.000000 0.000000 0.000000 1.000000
0.991686 -0.125715 0.027482 1.217292 0.128165 0.984053 -0.123346 99.222389 -0.011538 0.125843 0.991983 -2.683604 0.000000 0.000000 0.000000 1.000000
0.989609 -0.142684 0.017761 3.308568 0.143785 0.981903 -0.123255 101.126892 0.000147 0.124528 0.992216 -1.866296 0.000000 0.000000 0.000000 1.000000
0.989999 -0.141062 0.001647 5.367580 0.140453 0.984502 -0.105016 101.933983 0.013192 0.104197 0.994469 -0.615508 0.000000 0.000000 0.000000 1.000000
0.991693 -0.124703 -0.031536 7.217064 0.121968 0.989513 -0.077383 101.624496 0.040855 0.072894 0.996503 0.663766 0.000000 0.000000 0.000000 1.000000
0.989802 -0.114641 -0.084549 8.848461 0.110315 0.992418 -0.054194 100.100784 0.090120 0.044315 0.994944 1.467430 0.000000 0.000000 0.000000 1.000000
0.979202 -0.123068 -0.161298 10.375320 0.116008 0.991859 -0.052514 97.645111 0.166448 0.032709 0.985508 1.136554 0.000000 0.000000 0.000000 1.000000
0.961586 -0.132505 -0.240406 11.797077 0.121515 0.990772 -0.060042 95.015404 0.246143 0.028522 0.968814 0.411600 0.000000 0.000000 0.000000 1.000000
0.940895 -0.133737 -0.311177 12.797855 0.112910 0.990040 -0.084096 92.447487 0.319325 0.043990 0.946624 -1.149210 0.000000 0.000000 0.000000 1.000000
0.945231 -0.107719 -0.308114 12.651899 0.083581 0.992380 -0.090534 91.350250 0.315519 0.059823 0.947032 -2.139148 0.000000 0.000000 0.000000 1.000000
0.952202 -0.076967 -0.295614 12.403072 0.050749 0.994147 -0.095369 90.343712 0.301224 0.075809 0.950535 -3.084267 0.000000 0.000000 0.000000 1.000000
0.959340 -0.044420 -0.278737 11.934662 0.016702 0.994742 -0.101042 89.727760 0.281760 0.092279 0.955037 -3.903177 0.000000 0.000000 0.000000 1.000000
0.964791 -0.013386 -0.262677 11.129958 -0.015921 0.993900 -0.109126 89.802284 0.262536 0.109466 0.958693 -4.514487 0.000000 0.000000 0.000000 1.000000
0.969411 0.013730 -0.245059 9.267294 -0.044587 0.991673 -0.120818 92.082901 0.241360 0.128049 0.961950 -4.457107 0.000000 0.000000 0.000000 1.000000
0.973839 0.038792 -0.223902 6.727324 -0.070814 0.988063 -0.136811 95.565865 0.215922 0.149088 0.964961 -4.031493 0.000000 0.000000 0.000000 1.000000
0.978187 0.060595 -0.198691 4.030863 -0.093711 0.982370 -0.161761 98.575569 0.185387 0.176852 0.966621 -3.746233 0.000000 0.000000 0.000000 1.000000
0.985081 0.067626 -0.158248 1.183862 -0.095750 0.979457 -0.177473 100.370026 0.142995 0.189978 0.971319 -3.240484 0.000000 0.000000 0.000000 1.000000
0.992308 0.055559 -0.110627 -1.698349 -0.074096 0.982441 -0.171229 100.926529 0.099171 0.178109 0.979001 -2.241573 0.000000 0.000000 0.000000 1.000000
0.997020 0.035773 -0.068346 -4.432846 -0.045424 0.988341 -0.145320 100.355164 0.062351 0.147991 0.987021 -0.786308 0.000000 0.000000 0.000000 1.000000
0.998784 0.036145 -0.033536 -7.177477 -0.039660 0.993042 -0.110885 98.832428 0.029295 0.112081 0.993267 0.574673 0.000000 0.000000 0.000000 1.000000
0.999323 0.036788 -0.000098 -9.426473 -0.036662 0.995670 -0.085423 97.182579 -0.003045 0.085369 0.996345 1.247460 0.000000 0.000000 0.000000 1.000000
0.998903 0.032285 0.033932 -10.943661 -0.029619 0.996641 -0.076346 95.622292 -0.036283 0.075257 0.996504 0.850080 0.000000 0.000000 0.000000 1.000000
0.997291 0.027142 0.068363 -12.320302 -0.022303 0.997257 -0.070577 94.010666 -0.070091 0.068861 0.995161 0.170278 0.000000 0.000000 0.000000 1.000000
0.994524 0.021338 0.102305 -13.548326 -0.014515 0.997649 -0.066983 92.444885 -0.103494 0.065131 0.992495 -0.663576 0.000000 0.000000 0.000000 1.000000
0.990755 0.014722 0.134861 -14.619661 -0.006058 0.997904 -0.064429 91.022141 -0.135527 0.063017 0.988768 -1.523111 0.000000 0.000000 0.000000 1.000000
0.986247 0.006999 0.165131 -15.526233 0.003262 0.998084 -0.061784 89.839630 -0.165247 0.061473 0.984335 -2.279955 0.000000 0.000000 0.000000 1.000000
0.984473 -0.009598 0.175272 -14.355475 0.022787 0.997043 -0.073391 91.002548 -0.174049 0.076245 0.981781 -2.728791 0.000000 0.000000 0.000000 1.000000
0.982670 -0.031107 0.182736 -12.503453 0.051136 0.993057 -0.105935 93.362801 -0.178172 0.113443 0.977438 -3.174342 0.000000 0.000000 0.000000 1.000000
0.982731 -0.057196 0.175976 -10.060376 0.085374 0.983905 -0.156977 96.194275 -0.164165 0.169290 0.971798 -3.617781 0.000000 0.000000 0.000000 1.000000
0.986200 -0.080541 0.144646 -7.239420 0.109907 0.971896 -0.208179 98.429955 -0.123814 0.221203 0.967336 -3.961632 0.000000 0.000000 0.000000 1.000000
0.991737 -0.088724 0.092660 -4.201459 0.108471 0.965587 -0.236382 99.517303 -0.068499 0.244480 0.967232 -3.930392 0.000000 0.000000 0.000000 1.000000
0.996163 -0.079230 0.037177 -1.101643 0.085683 0.969452 -0.229830 99.435074 -0.017832 0.232133 0.972521 -3.229402 0.000000 0.000000 0.000000 1.000000
0.997688 -0.067187 -0.010180 1.914228 0.063858 0.978192 -0.197643 98.396034 0.023237 0.196536 0.980221 -1.896010 0.000000 0.000000 0.000000 1.000000
0.995432 -0.075959 -0.057842 4.694775 0.065853 0.984902 -0.160097 96.725288 0.069129 0.155556 0.985405 -0.495886 0.000000 0.000000 0.000000 1.000000
0.985256 -0.114534 -0.127093 6.941019 0.097009 0.985889 -0.136424 94.675125 0.140925 0.122084 0.982464 -0.121777 0.000000 0.000000 0.000000 1.000000
0.968261 -0.150183 -0.199791 8.936538 0.127410 0.984268 -0.122402 92.643890 0.215031 0.093062 0.972163 -0.147710 0.000000 0.000000 0.000000 1.000000
0.951727 -0.158408 -0.262911 10.212736 0.130820 0.984187 -0.119424 91.086739 0.277671 0.079265 0.957401 -1.147831 0.000000 0.000000 0.000000 1.000000
0.953109 -0.129028 -0.273743 10.630610 0.101957 0.988579 -0.110975 90.243431 0.284936 0.077861 0.955379 -2.053909 0.000000 0.000000 0.000000 1.000000
0.959324 -0.092569 -0.266701 10.663908 0.067457 0.992510 -0.101847 89.743164 0.274131 0.079714 0.958383 -2.831667 0.000000 0.000000 0.000000 1.000000
0.973104 -0.057741 -0.223011 9.632655 0.036955 0.994668 -0.096278 90.244225 0.227381 0.085447 0.970050 -3.061878 0.000000 0.000000 0.000000 1.000000
0.984823 -0.026089 -0.171588 7.803678 0.008293 0.994582 -0.103625 91.761597 0.173361 0.100629 0.979704 -3.095188 0.000000 0.000000 0.000000 1.000000
0.993348 0.013062 -0.114404 5.381229 -0.027524 0.991679 -0.125759 94.128075 0.111809 0.128072 0.985442 -3.080237 0.000000 0.000000 0.000000 1.000000
0.997084 0.058514 -0.048994 2.610327 -0.065387 0.986055 -0.153038 96.701881 0.039356 0.155796 0.987005 -2.913314 0.000000 0.000000 0.000000 1.000000
0.996670 0.080221 0.014606 -0.425019 -0.076855 0.984058 -0.160386 98.362518 -0.027239 0.158729 0.986946 -2.002589 0.000000 0.000000 0.000000 1.000000
0.993050 0.091037 0.074593 -3.507982 -0.078245 0.984111 -0.159387 99.564873 -0.087918 0.152442 0.984394 -0.780467 0.000000 0.000000 0.000000 1.000000
0.990455 0.073134 0.116833 -6.564594 -0.057097 0.989178 -0.135154 99.388916 -0.125453 0.127194 0.983912 1.254836 0.000000 0.000000 0.000000 1.000000
0.986063 0.072034 0.149967 -9.192154 -0.055409 0.992136 -0.112229 98.347008 -0.156872 0.102356 0.982301 3.108624 0.000000 0.000000 0.000000 1.000000
0.979583 0.102833 0.172752 -11.183306 -0.086395 0.991216 -0.100131 96.687637 -0.181532 0.083162 0.979862 3.927444 0.000000 0.000000 0.000000 1.000000
0.975449 0.144639 0.166070 -12.583577 -0.129946 0.986841 -0.096228 94.842583 -0.177803 0.072285 0.981408 3.399282 0.000000 0.000000 0.000000 1.000000
0.983743 0.149041 0.100187 -13.677875 -0.138629 0.984877 -0.103918 93.373390 -0.114160 0.088340 0.989527 2.153629 0.000000 0.000000 0.000000 1.000000
0.989360 0.143635 0.023142 -14.712079 -0.140136 0.983579 -0.113726 91.986633 -0.039097 0.109273 0.993243 0.781582 0.000000 0.000000 0.000000 1.000000
0.989425 0.136943 -0.047796 -15.702700 -0.141934 0.982007 -0.124570 90.791306 0.029877 0.130036 0.991059 -0.460311 0.000000 0.000000 0.000000 1.000000
0.986568 0.140704 -0.082979 -16.480911 -0.151331 0.978518 -0.140005 90.589424 0.061498 0.150682 0.986668 -0.965915 0.000000 0.000000 0.000000 1.000000
0.984347 0.158121 -0.077835 -17.205307 -0.168031 0.975229 -0.143855 91.343063 0.053161 0.154682 0.986533 -0.981010 0.000000 0.000000 0.000000 1.000000
0.982594 0.174251 -0.064384 -18.200287 -0.181877 0.972939 -0.142515 93.297531 0.037808 0.151745 0.987696 -0.519929 0.000000 0.000000 0.000000 1.000000
0.980933 0.187443 -0.051337 -19.319553 -0.192923 0.971074 -0.140701 95.507973 0.023479 0.147923 0.988720 0.096333 0.000000 0.000000 0.000000 1.000000
0.980952 0.187954 -0.049061 -20.789694 -0.193078 0.971141 -0.140020 97.797523 0.021328 0.146825 0.988932 1.012319 0.000000 0.000000 0.000000 1.000000
0.984306 0.172195 -0.038594 -22.303499 -0.175850 0.975394 -0.132979 99.220352 0.014746 0.137679 0.990367 2.269122 0.000000 0.000000 0.000000 1.000000
0.990198 0.139279 -0.010475 -23.697428 -0.139548 0.983374 -0.116196 99.500183 -0.005883 0.116519 0.993171 4.028206 0.000000 0.000000 0.000000 1.000000
0.994182 0.102556 0.032924 -25.014000 -0.099000 0.990465 -0.095806 98.685326 -0.042436 0.091989 0.994855 6.049446 0.000000 0.000000 0.000000 1.000000
0.992805 0.084727 0.084616 -26.287359 -0.077764 0.993556 -0.082456 96.802444 -0.091057 0.075283 0.992996 7.547418 0.000000 0.000000 0.000000 1.000000
0.986746 0.083306 0.139258 -27.483799 -0.072822 0.994230 -0.078765 94.309265 -0.145017 0.067580 0.987119 7.867629 0.000000 0.000000 0.000000 1.000000
0.979377 0.078275 0.186261 -28.355284 -0.065014 0.994965 -0.076275 91.641655 -0.191293 0.062592 0.979535 7.076158 0.000000 0.000000 0.000000 1.000000
0.975530 0.054788 0.212930 -28.704000 -0.041050 0.996812 -0.068418 89.336044 -0.215999 0.058003 0.974669 5.910976 0.000000 0.000000 0.000000 1.000000
0.975351 0.025454 0.219184 -28.331841 -0.012264 0.998042 -0.061328 87.882545 -0.220316 0.057128 0.973754 5.104019 0.000000 0.000000 0.000000 1.000000
0.974817 0.009828 0.222788 -27.055159 0.004788 0.997876 -0.064971 87.808456 -0.222953 0.064402 0.972700 4.860674 0.000000 0.000000 0.000000 1.000000
0.970959 0.003819 0.239215 -24.877150 0.016125 0.996554 -0.081360 89.285370 -0.238702 0.082855 0.967552 4.941902 0.000000 0.000000 0.000000 1.000000
0.966083 -0.024729 0.257046 -21.960278 0.053855 0.992811 -0.106894 92.306885 -0.252555 0.117112 0.960469 5.008733 0.000000 0.000000 0.000000 1.000000
0.964625 -0.056087 0.257590 -18.684216 0.092215 0.987165 -0.130387 95.422180 -0.246971 0.149528 0.957417 4.996164 0.000000 0.000000 0.000000 1.000000
0.974042 -0.089586 0.207888 -14.910161 0.122387 0.980975 -0.150698 98.064117 -0.190433 0.172229 0.966474 4.765703 0.000000 0.000000 0.000000 1.000000
0.983645 -0.117879 0.136191 -10.842382 0.140049 0.976005 -0.166735 100.187347 -0.113268 0.183082 0.976551 4.487363 0.000000 0.000000 0.000000 1.000000
0.993477 -0.102801 0.049348 -6.395794 0.109133 0.982638 -0.150041 100.486382 -0.033066 0.154447 0.987448 4.367990 0.000000 0.000000 0.000000 1.000000
0.997277 -0.070028 -0.023108 -1.915957 0.067194 0.992043 -0.106468 99.562027 0.030380 0.104625 0.994048 4.498827 0.000000 0.000000 0.000000 1.000000
0.995453 -0.059710 -0.074217 1.986383 0.053716 0.995323 -0.080287 97.675491 0.078664 0.075935 0.994005 4.649329 0.000000 0.000000 0.000000 1.000000
0.990954 -0.059106 -0.120488 5.635383 0.051246 0.996414 -0.067328 95.464203 0.124035 0.060545 0.990429 4.616807 0.000000 0.000000 0.000000 1.000000
0.982498 -0.091393 -0.162312 8.595181 0.075091 0.991750 -0.103887 92.591248 0.170468 0.089880 0.981255 3.649496 0.000000 0.000000 0.000000 1.000000
0.972844 -0.125081 -0.194754 10.878365 0.097642 0.984654 -0.144649 89.832985 0.209858 0.121705 0.970128 1.996465 0.000000 0.000000 0.000000 1.000000
0.969102 -0.131127 -0.208919 12.362471 0.099338 0.982746 -0.156022 87.822807 0.225773 0.130447 0.965407 0.296156 0.000000 0.000000 0.000000 1.000000
0.973020 -0.103980 -0.205960 12.784794 0.076755 0.987725 -0.136043 87.023766 0.217577 0.116564 0.969058 -0.712474 0.000000 0.000000 0.000000 1.000000
0.979305 -0.057474 -0.194060 12.002905 0.036919 0.993473 -0.107924 87.548729 0.198996 0.098525 0.975035 -0.739086 0.000000 0.000000 0.000000 1.000000
0.984250 -0.005303 -0.176701 10.150272 -0.010655 0.995953 -0.089240 89.270073 0.176459 0.089717 0.980211 -0.035474 0.000000 0.000000 0.000000 1.000000
0.987943 0.048782 -0.146934 7.552429 -0.060966 0.994962 -0.079590 91.859779 0.142311 0.087588 0.985939 0.943933 0.000000 0.000000 0.000000 1.000000
0.989954 0.102878 -0.096995 4.563551 -0.110189 0.991205 -0.073289 94.823135 0.088602 0.083240 0.992583 1.905080 0.000000 0.000000 0.000000 1.000000
0.988465 0.148017 -0.032048 1.532960 -0.149924 0.986299 -0.068831 97.362900 0.021421 0.072842 0.997113 2.800304 0.000000 0.000000 0.000000 1.000000
0.985669 0.166203 0.028879 -1.430420 -0.164101 0.984354 -0.064174 98.842125 -0.039093 0.058516 0.997521 3.792966 0.000000 0.000000 0.000000 1.000000
0.986262 0.151786 0.065181 -4.237710 -0.148231 0.987347 -0.056329 98.944611 -0.072906 0.045893 0.996282 5.024630 0.000000 0.000000 0.000000 1.000000
0.990445 0.120042 0.067891 -6.866990 -0.116897 0.991956 -0.048555 97.780502 -0.073174 0.040155 0.996511 6.372571 0.000000 0.000000 0.000000 1.000000
0.993916 0.100112 0.045911 -9.359618 -0.098105 0.994200 -0.044072 95.790642 -0.050057 0.039300 0.997973 7.385643 0.000000 0.000000 0.000000 1.000000
0.994327 0.104469 0.019995 -11.785501 -0.103717 0.993972 -0.035536 93.437225 -0.023587 0.033261 0.999168 7.557672 0.000000 0.000000 0.000000 1.000000
0.992505 0.122061 0.005845 -14.032319 -0.121951 0.992400 -0.016445 91.225693 -0.007808 0.015609 0.999848 6.829243 0.000000 0.000000 0.000000 1.000000
0.993022 0.117816 0.005125 -15.994035 -0.117841 0.993021 0.004800 89.393929 -0.004524 -0.005370 0.999975 5.686495 0.000000 0.000000 0.000000 1.000000
0.996516 0.082722 0.010651 -17.431152 -0.082858 0.996476 0.013018 87.909851 -0.009537 -0.013855 0.999859 4.655252 0.000000 0.000000 0.000000 1.000000
0.999000 0.041171 0.017438 -18.079323 -0.041215 0.999148 0.002192 86.841797 -0.017333 -0.002909 0.999846 4.018692 0.000000 0.000000 0.000000 1.000000
0.999547 0.014592 0.026340 -17.907871 -0.014082 0.999711 -0.019460 86.796188 -0.026616 0.019080 0.999464 3.759085 0.000000 0.000000 0.000000 1.000000
0.999317 0.001701 0.036914 -17.024422 -0.000279 0.999259 -0.038491 88.239967 -0.036952 0.038454 0.998577 3.781286 0.000000 0.000000 0.000000 1.000000
0.999035 -0.013721 0.041723 -15.546865 0.015672 0.998781 -0.046805 90.995033 -0.041029 0.047414 0.998032 4.071831 0.000000 0.000000 0.000000 1.000000
0.998801 -0.037853 0.031037 -13.515883 0.039182 0.998290 -0.043376 94.272743 -0.029342 0.044540 0.998577 4.665648 0.000000 0.000000 0.000000 1.000000
0.998431 -0.055974 0.001446 -10.939930 0.055992 0.997922 -0.031890 97.133804 0.000342 0.031921 0.999490 5.586834 0.000000 0.000000 0.000000 1.000000
0.997709 -0.052023 -0.043250 -8.034472 0.051264 0.998514 -0.018495 98.720490 0.044147 0.016235 0.998893 6.831549 0.000000 0.000000 0.000000 1.000000
0.994746 -0.028120 -0.098435 -5.027147 0.027321 0.999582 -0.009460 99.039307 0.098660 0.006721 0.995098 8.295047 0.000000 0.000000 0.000000 1.000000
0.987664 -0.016502 -0.155714 -2.352629 0.015554 0.999852 -0.007299 98.389130 0.155812 0.004787 0.987775 9.654119 0.000000 0.000000 0.000000 1.000000
0.980132 -0.039656 -0.194343 -0.238183 0.038881 0.999213 -0.007799 96.831490 0.194499 0.000088 0.980903 10.397563 0.000000 0.000000 0.000000 1.000000
0.978353 -0.096988 -0.182807 1.014273 0.098717 0.995116 0.000358 95.060364 0.181879 -0.018396 0.983149 10.084136 0.000000 0.000000 0.000000 1.000000
0.984419 -0.143241 -0.101986 1.712051 0.146236 0.988994 0.022483 93.472466 0.097643 -0.037046 0.994532 8.849233 0.000000 0.000000 0.000000 1.000000
0.987644 -0.154369 0.027022 2.091668 0.153446 0.987591 0.033435 92.292297 -0.031848 -0.028875 0.999076 7.217933 0.000000 0.000000 0.000000 1.000000
0.978966 -0.141168 0.147301 2.399163 0.142094 0.989844 0.004273 91.223633 -0.146408 0.016747 0.989083 5.723379 0.000000 0.000000 0.000000 1.000000
0.969684 -0.129722 0.207086 2.787991 0.142548 0.988613 -0.048203 90.291862 -0.198475 0.076262 0.977134 4.574838 0.000000 0.000000 0.000000 1.000000
0.970709 -0.133203 0.199951 3.357450 0.152684 0.984584 -0.085335 90.046219 -0.185502 0.113365 0.976083 3.771940 0.000000 0.000000 0.000000 1.000000
0.976150 -0.145935 0.160730 4.287692 0.161839 0.982640 -0.090700 91.086342 -0.144703 0.114550 0.982822 3.386226 0.000000 0.000000 0.000000 1.000000
0.979158 -0.156903 0.128960 5.742420 0.167379 0.983051 -0.074804 93.410873 -0.115037 0.094830 0.988824 3.565887 0.000000 0.000000 0.000000 1.000000
0.980115 -0.159681 0.117796 7.697194 0.167113 0.984340 -0.056113 96.348785 -0.106991 0.074683 0.991451 4.365857 0.000000 0.000000 0.000000 1.000000
0.982201 -0.151115 0.111559 9.882347 0.156986 0.986537 -0.045822 98.902260 -0.103132 0.062519 0.992701 5.663686 0.000000 0.000000 0.000000 1.000000
0.987785 -0.129690 0.086378 11.918436 0.134138 0.989808 -0.047830 100.348587 -0.079294 0.058833 0.995114 7.202267 0.000000 0.000000 0.000000 1.000000
0.994227 -0.102304 0.032355 13.417122 0.104148 0.992648 -0.061674 100.594406 -0.025808 0.064687 0.997572 8.608621 0.000000 0.000000 0.000000 1.000000
0.996089 -0.079654 -0.038235 14.397597 0.076349 0.993765 -0.081257 99.727348 0.044469 0.078020 0.995960 9.492755 0.000000 0.000000 0.000000 1.000000
0.992757 -0.066522 -0.100040 15.228795 0.056815 0.993669 -0.096927 97.860474 0.105854 0.090541 0.990251 9.546276 0.000000 0.000000 0.000000 1.000000
0.989317 -0.056558 -0.134364 16.180111 0.043032 0.993902 -0.101522 95.306000 0.139287 0.094655 0.985718 8.778318 0.000000 0.000000 0.000000 1.000000
0.989024 -0.040354 -0.142136 17.090981 0.027098 0.995204 -0.093994 92.662819 0.145247 0.089111 0.985374 7.631609 0.000000 0.000000 0.000000 1.000000
0.990283 -0.011588 -0.138585 17.661087 0.000525 0.996826 -0.079604 90.063271 0.139067 0.078757 0.987146 6.751606 0.000000 0.000000 0.000000 1.000000
0.990322 0.022306 -0.136982 17.615572 -0.031464 0.997385 -0.065056 87.786430 0.135172 0.068736 0.988435 6.532208 0.000000 0.000000 0.000000 1.000000
0.988899 0.051014 -0.139560 16.907276 -0.058827 0.996890 -0.052439 86.398674 0.136451 0.060067 0.988824 6.874500 0.000000 0.000000 0.000000 1.000000
0.987344 0.072837 -0.140878 15.618309 -0.078993 0.996127 -0.038607 86.482758 0.137521 0.049247 0.989274 7.443157 0.000000 0.000000 0.000000 1.000000
0.986103 0.095175 -0.136172 13.829972 -0.098808 0.994902 -0.020158 88.316147 0.133560 0.033332 0.990480 8.034265 0.000000 0.000000 0.000000 1.000000
0.984762 0.122090 -0.123848 11.573528 -0.123053 0.992400 -0.000125 91.528976 0.122892 0.015363 0.992301 8.655001 0.000000 0.000000 0.000000 1.000000
0.984063 0.144503 -0.103624 8.840962 -0.144070 0.989498 0.011692 95.159019 0.104225 0.003424 0.994548 9.369597 0.000000 0.000000 0.000000 1.000000
0.986160 0.147164 -0.076368 5.691308 -0.147013 0.989105 0.007619 97.956345 0.076657 0.003713 0.997051 10.165792 0.000000 0.000000 0.000000 1.000000
0.991053 0.126155 -0.043567 2.388758 -0.126672 0.991901 -0.009297 99.281754 0.042041 0.014732 0.999007 11.029624 0.000000 0.000000 0.000000 1.000000
0.995484 0.094746 -0.005915 -0.800031 -0.094873 0.995120 -0.027103 99.233093 0.003318 0.027541 0.999615 11.888579 0.000000 0.000000 0.000000 1.000000
0.996111 0.080362 0.036134 -3.630453 -0.079100 0.996249 -0.035075 98.226212 -0.038817 0.032080 0.998731 12.503898 0.000000 0.000000 0.000000 1.000000
0.992826 0.090767 0.077827 -6.152998 -0.088532 0.995568 -0.031710 96.622253 -0.080361 0.024592 0.996462 12.430009 0.000000 0.000000 0.000000 1.000000
0.987606 0.115705 0.106055 -8.476782 -0.113955 0.993232 -0.022438 94.675552 -0.107933 0.010075 0.994107 11.377803 0.000000 0.000000 0.000000 1.000000
0.987215 0.115979 0.109337 -10.794626 -0.115244 0.993252 -0.013033 92.340851 -0.110111 0.000266 0.993919 9.605331 0.000000 0.000000 0.000000 1.000000
0.992508 0.079944 0.092400 -12.762035 -0.079337 0.996795 -0.010227 90.082741 -0.092921 0.002820 0.995669 7.727157 0.000000 0.000000 0.000000 1.000000
0.996654 0.028696 0.076532 -13.959861 -0.027346 0.999452 -0.018626 88.275665 -0.077025 0.016471 0.996893 6.310482 0.000000 0.000000 0.000000 1.000000
0.996611 -0.008244 0.081847 -14.212456 0.011053 0.999363 -0.033931 87.468643 -0.081515 0.034720 0.996067 5.597334 0.000000 0.000000 0.000000 1.000000
0.993814 -0.022307 0.108794 -13.670084 0.027866 0.998368 -0.049852 88.156654 -0.107505 0.052576 0.992813 5.537832 0.000000 0.000000 0.000000 1.000000
0.989637 -0.029785 0.140470 -12.610881 0.039225 0.997119 -0.064923 90.476448 -0.138132 0.069760 0.987954 5.984768 0.000000 0.000000 0.000000 1.000000
0.986027 -0.048290 0.159433 -11.171963 0.061583 0.994929 -0.079517 94.019836 -0.154784 0.088225 0.984001 6.803018 0.000000 0.000000 0.000000 1.000000
0.984511 -0.073689 0.159084 -9.281343 0.089433 0.991530 -0.094182 97.774361 -0.150796 0.106951 0.982763 7.858503 0.000000 0.000000 0.000000 1.000000
0.986340 -0.082466 0.142596 -6.882116 0.098236 0.989358 -0.107334 100.570801 -0.132228 0.119875 0.983944 9.030291 0.000000 0.000000 0.000000 1.000000
0.991400 -0.060149 0.116225 -4.227164 0.073356 0.990892 -0.112922 101.710777 -0.108374 0.120476 0.986783 10.259103 0.000000 0.000000 0.000000 1.000000
0.996317 -0.018087 0.083814 -1.721680 0.026993 0.993959 -0.106381 101.377327 -0.081384 0.108251 0.990787 11.519905 0.000000 0.000000 0.000000 1.000000
0.998799 0.015852 0.046368 0.355380 -0.011524 0.995677 -0.092162 100.028091 -0.047628 0.091517 0.994664 12.635132 0.000000 0.000000 0.000000 1.000000
0.999755 0.021996 0.002627 1.947207 -0.021709 0.996433 -0.081549 98.280273 -0.004412 0.081472 0.996666 13.197490 0.000000 0.000000 0.000000 1.000000
0.998922 -0.001458 -0.046405 3.223006 -0.002394 0.996560 -0.082838 96.420776 0.046366 0.082860 0.995482 12.889289 0.000000 0.000000 0.000000 1.000000
0.995061 -0.028648 -0.095039 4.428112 0.019723 0.995419 -0.093554 94.563858 0.097283 0.091218 0.991068 11.957256 0.000000 0.000000 0.000000 1.000000
0.990203 -0.036057 -0.134902 5.561359 0.022246 0.994483 -0.102516 92.805801 0.137854 0.098511 0.985541 11.017241 0.000000 0.000000 0.000000 1.000000
0.986773 -0.021819 -0.160635 6.367862 0.005535 0.994857 -0.101133 91.297020 0.162016 0.098907 0.981819 10.543048 0.000000 0.000000 0.000000 1.000000
0.985443 -0.001392 -0.169999 6.495680 -0.014158 0.995821 -0.090227 90.435570 0.169414 0.091320 0.981305 10.586978 0.000000 0.000000 0.000000 1.000000
0.986705 0.018247 -0.161495 5.840413 -0.030693 0.996718 -0.074914 90.847336 0.159598 0.078875 0.984026 10.917821 0.000000 0.000000 0.000000 1.000000
0.990032 0.043157 -0.134068 4.538751 -0.051324 0.996992 -0.058069 92.778107 0.131159 0.064371 0.989269 11.360476 0.000000 0.000000 0.000000 1.000000
0.992887 0.075525 -0.092037 2.749269 -0.079621 0.995954 -0.041665 95.715256 0.088518 0.048697 0.994884 11.945035 0.000000 0.000000 0.000000 1.000000
0.993736 0.101189 -0.047429 0.531607 -0.102650 0.994281 -0.029449 98.514381 0.044178 0.034133 0.998440 12.787224 0.000000 0.000000 0.000000 1.000000
0.994868 0.100398 -0.012556 -2.110960 -0.100684 0.994613 -0.024645 100.068283 0.010014 0.025783 0.999617 13.853763 0.000000 0.000000 0.000000 1.000000
0.997011 0.076505 0.010750 -4.979577 -0.076188 0.996719 -0.027316 100.282623 -0.012804 0.026416 0.999569 14.953505 0.000000 0.000000 0.000000 1.000000
0.997779 0.059536 0.029883 -7.673418 -0.058612 0.997803 -0.030895 99.676994 -0.031657 0.029075 0.999076 15.758715 0.000000 0.000000 0.000000 1.000000
0.996076 0.074846 0.047222 -9.848068 -0.073747 0.996973 -0.024607 98.607605 -0.048921 0.021028 0.998581 15.969957 0.000000 0.000000 0.000000 1.000000
0.991464 0.121714 0.046735 -11.316413 -0.121543 0.992565 -0.006483 97.526268 -0.047177 0.000747 0.998886 15.427834 0.000000 0.000000 0.000000 1.000000
0.986339 0.164646 0.005154 -12.438331 -0.164696 0.986277 0.011547 96.550140 -0.003182 -0.012238 0.999920 14.315843 0.000000 0.000000 0.000000 1.000000
0.981342 0.175701 -0.078087 -13.538390 -0.175418 0.984438 0.010520 95.635780 0.078720 0.003374 0.996891 13.013650 0.000000 0.000000 0.000000 1.000000
0.972124 0.164913 -0.166669 -14.717154 -0.169770 0.985366 -0.015230 94.520439 0.161718 0.043101 0.985895 11.804537 0.000000 0.000000 0.000000 1.000000
0.964742 0.154851 -0.212823 -15.854589 -0.167757 0.984852 -0.043871 93.312874 0.202805 0.078026 0.976105 10.809408 0.000000 0.000000 0.000000 1.000000
0.968004 0.153382 -0.198600 -16.895859 -0.166971 0.984510 -0.053486 92.554321 0.187319 0.084935 0.978620 10.092137 0.000000 0.000000 0.000000 1.000000
0.977084 0.154982 -0.145900 -17.923759 -0.163185 0.985524 -0.045969 92.826927 0.136664 0.068725 0.988231 9.762259 0.000000 0.000000 0.000000 1.000000
0.983056 0.158285 -0.092451 -19.049372 -0.162149 0.986115 -0.035852 94.405807 0.085493 0.050236 0.995072 9.902905 0.000000 0.000000 0.000000 1.000000
0.984378 0.165211 -0.060869 -20.378359 -0.167242 0.985462 -0.029899 96.919724 0.055044 0.039612 0.997698 10.497569 0.000000 0.000000 0.000000 1.000000
0.984300 0.169351 -0.049744 -22.031507 -0.170642 0.985066 -0.022934 99.471809 0.045117 0.031062 0.998499 11.459775 0.000000 0.000000 0.000000 1.000000
0.986095 0.159616 -0.046256 -24.045271 -0.160334 0.986987 -0.012223 101.091003 0.043703 0.019469 0.998855 12.684713 0.000000 0.000000 0.000000 1.000000
0.990273 0.133769 -0.038265 -26.239822 -0.134056 0.990961 -0.005030 101.445816 0.037247 0.010111 0.999255 14.042186 0.000000 0.000000 0.000000 1.000000
0.994591 0.102140 -0.018881 -28.353889 -0.102295 0.994726 -0.007447 100.730507 0.018021 0.009338 0.999794 15.277418 0.000000 0.000000 0.000000 1.000000
0.996478 0.083135 0.010950 -30.090408 -0.082960 0.996431 -0.015573 99.350838 -0.012206 0.014610 0.999819 16.003809 0.000000 0.000000 0.000000 1.000000
0.995455 0.087038 0.038643 -31.423363 -0.086202 0.996017 -0.022801 97.432091 -0.040473 0.019366 0.998993 15.888969 0.000000 0.000000 0.000000 1.000000
0.993734 0.102089 0.045505 -32.681812 -0.100838 0.994480 -0.028992 95.023819 -0.048213 0.024222 0.998543 15.016472 0.000000 0.000000 0.000000 1.000000
0.993940 0.106889 0.025669 -34.034946 -0.105842 0.993611 -0.039169 92.162224 -0.029691 0.036215 0.998903 13.777583 0.000000 0.000000 0.000000 1.000000
0.995340 0.096388 -0.002609 -35.300694 -0.096384 0.993794 -0.055530 89.418198 -0.002759 0.055523 0.998454 12.701649 0.000000 0.000000 0.000000 1.000000
0.995742 0.091847 -0.007833 -36.128201 -0.092170 0.993321 -0.069415 87.523216 0.001405 0.069841 0.997557 12.133280 0.000000 0.000000 0.000000 1.000000
0.992613 0.118027 0.028083 -36.301754 -0.115851 0.990836 -0.069444 87.096855 -0.036022 0.065677 0.997191 12.165557 0.000000 0.000000 0.000000 1.000000
