<?xml version="1.0" encoding="utf-8"?>
<COLLADA xmlns="http://www.collada.org/2005/11/COLLADASchema" version="1.4.1">
  <asset><contributor><author>Mixamo</author><authoring_tool>COLLADA Mixamo exporter</authoring_tool><comments></comments></contributor><created>2019-11-29T11:53:03Z</created><modified>2019-11-29T11:53:03Z</modified><revision></revision><title></title><unit meter="0.010000"/><up_axis>Y_UP</up_axis></asset>
  <library_animations>
    <animation id="mixamorig_Hips-anim" name="mixamorig_Hips"><source id="mixamorig_Hips-Matrix-animation-input"><float_array id="mixamorig_Hips-Matrix-animation-input-array" count="251">

0.000000 0.033333 0.066667 0.100000 0.133333 0.166667 0.200000 0.233333 0.266667 0.300000 0.333333 0.366667 0.400000 0.433333 0.466667 0.500000
0.533333 0.566667 0.600000 0.633333 0.666667 0.700000 0.733333 0.766667 0.800000 0.833333 0.866667 0.900000 0.933333 0.966667 1.000000 1.033333
1.066667 1.100000 1.133333 1.166667 1.200000 1.233333 1.266667 1.300000 1.333333 1.366667 1.400000 1.433333 1.466667 1.500000 1.533333 1.566667
1.600000 1.633333 1.666667 1.700000 1.733333 1.766667 1.800000 1.833333 1.866667 1.900000 1.933333 1.966667 2.000000 2.033333 2.066667 2.100000
2.133333 2.166667 2.200000 2.233333 2.266667 2.300000 2.333333 2.366667 2.400000 2.433333 2.466667 2.500000 2.533333 2.566667 2.600000 2.633333
2.666667 2.700000 2.733333 2.766667 2.800000 2.833333 2.866667 2.900000 2.933333 2.966667 3.000000 3.033333 3.066667 3.100000 3.133333 3.166667
3.200000 3.233333 3.266667 3.300000 3.333333 3.366667 3.400000 3.433333 3.466667 3.500000 3.533333 3.566667 3.600000 3.633333 3.666667 3.700000
3.733333 3.766667 3.800000 3.833333 3.866667 3.900000 3.933333 3.966667 4.000000 4.033333 4.066667 4.100000 4.133333 4.166667 4.200000 4.233333
4.266667 4.300000 4.333333 4.366667 4.400000 4.433333 4.466667 4.500000 4.533333 4.566667 4.600000 4.633333 4.666667 4.700000 4.733333 4.766667
4.800000 4.833333 4.866667 4.900000 4.933333 4.966667 5.000000 5.033333 5.066667 5.100000 5.133333 5.166667 5.200000 5.233333 5.266667 5.300000
5.333333 5.366667 5.400000 5.433333 5.466667 5.500000 5.533333 5.566667 5.600000 5.633333 5.666667 5.700000 5.733333 5.766667 5.800000 5.833333
5.866667 5.900000 5.933333 5.966667 6.000000 6.033333 6.066667 6.100000 6.133333 6.166667 6.200000 6.233333 6.266667 6.300000 6.333333 6.366667
6.400000 6.433333 6.466667 6.500000 6.533333 6.566667 6.600000 6.633333 6.666667 6.700000 6.733333 6.766667 6.800000 6.833333 6.866667 6.900000
6.933333 6.966667 7.000000 7.033333 7.066667 7.100000 7.133333 7.166667 7.200000 7.233333 7.266667 7.300000 7.333333 7.366667 7.400000 7.433333
7.466667 7.500000 7.533333 7.566667 7.600000 7.633333 7.666667 7.700000 7.733333 7.766667 7.800000 7.833333 7.866667 7.900000 7.933333 7.966667
8.000000 8.033333 8.066667 8.100000 8.133333 8.166667 8.200000 8.233333 8.266667 8.300000 8.333333</float_array><technique_common><accessor source="#mixamorig_Hips-Matrix-animation-input-array" count="251"><param name="TIME" type="float"/></accessor></technique_common></source><source id="mixamorig_Hips-Matrix-animation-output-transform"><float_array id="mixamorig_Hips-Matrix-animation-output-transform-array" count="4016">

0.993979 0.060930 -0.091066 0.261668 -0.055103 0.996350 0.065192 98.996239 0.094706 -0.059781 0.993709 -0.126361 0.000000 0.000000 0.000000 1.000000
0.993958 0.060934 -0.091299 0.263028 -0.055109 0.996361 0.065020 98.998314 0.094929 -0.059596 0.993699 -0.119856 0.000000 0.000000 0.000000 1.000000
0.993938 0.060936 -0.091510 0.264386 -0.055115 0.996372 0.064845 99.000381 0.095129 -0.059409 0.993691 -0.113453 0.000000 0.000000 0.000000 1.000000
0.993917 0.060938 -0.091731 0.265745 -0.055120 0.996383 0.064672 99.002457 0.095340 -0.059223 0.993681 -0.106999 0.000000 0.000000 0.000000 1.000000
0.993892 0.060944 -0.091998 0.267106 -0.055126 0.996394 0.064506 99.004532 0.095598 -0.059040 0.993668 -0.100342 0.000000 0.000000 0.000000 1.000000
0.993860 0.060956 -0.092344 0.268473 -0.055133 0.996403 0.064351 99.006599 0.095935 -0.058864 0.993646 -0.093330 0.000000 0.000000 0.000000 1.000000
0.993796 0.060989 -0.093009 0.269871 -0.055138 0.996410 0.064237 99.008850 0.096593 -0.058710 0.993591 -0.084868 0.000000 0.000000 0.000000 1.000000
0.993714 0.061040 -0.093846 0.271254 -0.055147 0.996415 0.064155 99.010719 0.097426 -0.058577 0.993518 -0.075678 0.000000 0.000000 0.000000 1.000000
0.993641 0.061104 -0.094569 0.272492 -0.055174 0.996417 0.064099 99.010529 0.098147 -0.058473 0.993453 -0.067240 0.000000 0.000000 0.000000 1.000000
0.993565 0.061208 -0.095299 0.273798 -0.055235 0.996414 0.064099 99.011444 0.098881 -0.058423 0.993383 -0.058345 0.000000 0.000000 0.000000 1.000000
0.993493 0.061304 -0.095988 0.275599 -0.055311 0.996423 0.063897 99.013519 0.099562 -0.058172 0.993329 -0.049489 0.000000 0.000000 0.000000 1.000000
0.993420 0.061398 -0.096675 0.277519 -0.055389 0.996433 0.063665 99.015816 0.100239 -0.057891 0.993278 -0.040615 0.000000 0.000000 0.000000 1.000000
0.993349 0.061492 -0.097351 0.279338 -0.055468 0.996444 0.063424 99.018013 0.100905 -0.057602 0.993227 -0.031805 0.000000 0.000000 0.000000 1.000000
0.993278 0.061588 -0.098007 0.280839 -0.055550 0.996454 0.063193 99.019768 0.101552 -0.057323 0.993177 -0.023140 0.000000 0.000000 0.000000 1.000000
0.993221 0.061699 -0.098519 0.280141 -0.055651 0.996461 0.063001 99.018600 0.102057 -0.057091 0.993139 -0.015516 0.000000 0.000000 0.000000 1.000000
0.993163 0.061887 -0.098983 0.276132 -0.055829 0.996460 0.062849 99.017975 0.102522 -0.056893 0.993102 -0.008832 0.000000 0.000000 0.000000 1.000000
0.993109 0.062084 -0.099400 0.270943 -0.056021 0.996460 0.062675 99.017250 0.102940 -0.056675 0.993072 -0.002445 0.000000 0.000000 0.000000 1.000000
0.993075 0.062253 -0.099635 0.263172 -0.056210 0.996470 0.062352 99.015480 0.103165 -0.056320 0.993069 0.003402 0.000000 0.000000 0.000000 1.000000
0.993058 0.062384 -0.099720 0.255000 -0.056371 0.996482 0.062021 99.015015 0.103239 -0.055969 0.993081 0.010612 0.000000 0.000000 0.000000 1.000000
0.993043 0.062519 -0.099785 0.246824 -0.056537 0.996493 0.061691 99.014626 0.103292 -0.055620 0.993095 0.017558 0.000000 0.000000 0.000000 1.000000
0.993030 0.062629 -0.099840 0.238488 -0.056680 0.996505 0.061353 99.014580 0.103334 -0.055266 0.993110 0.025785 0.000000 0.000000 0.000000 1.000000
0.993021 0.062689 -0.099896 0.229835 -0.056774 0.996522 0.060996 99.015129 0.103372 -0.054899 0.993127 0.036838 0.000000 0.000000 0.000000 1.000000
0.993013 0.062702 -0.099963 0.220761 -0.056826 0.996544 0.060589 99.016518 0.103417 -0.054486 0.993145 0.050949 0.000000 0.000000 0.000000 1.000000
0.993007 0.062691 -0.100039 0.211392 -0.056857 0.996569 0.060142 99.018524 0.103466 -0.054033 0.993164 0.066931 0.000000 0.000000 0.000000 1.000000
0.993002 0.062652 -0.100107 0.201917 -0.056860 0.996596 0.059700 99.020714 0.103507 -0.053590 0.993184 0.084196 0.000000 0.000000 0.000000 1.000000
0.993002 0.062581 -0.100155 0.192526 -0.056827 0.996621 0.059311 99.022659 0.103528 -0.053204 0.993203 0.102157 0.000000 0.000000 0.000000 1.000000
0.993007 0.062474 -0.100166 0.183408 -0.056749 0.996642 0.059022 99.023926 0.103517 -0.052925 0.993219 0.120228 0.000000 0.000000 0.000000 1.000000
0.993028 0.062265 -0.100095 0.175221 -0.056553 0.996659 0.058932 99.023628 0.103430 -0.052860 0.993231 0.138951 0.000000 0.000000 0.000000 1.000000
0.993061 0.061965 -0.099952 0.167443 -0.056248 0.996670 0.059032 99.022247 0.103277 -0.053000 0.993240 0.159065 0.000000 0.000000 0.000000 1.000000
0.993093 0.061679 -0.099807 0.158488 -0.055951 0.996676 0.059209 99.021416 0.103127 -0.053216 0.993244 0.180272 0.000000 0.000000 0.000000 1.000000
0.993122 0.061452 -0.099663 0.146622 -0.055701 0.996673 0.059499 99.022415 0.102988 -0.053538 0.993241 0.203699 0.000000 0.000000 0.000000 1.000000
0.993145 0.061260 -0.099549 0.133055 -0.055471 0.996661 0.059911 99.023796 0.102887 -0.053978 0.993227 0.228497 0.000000 0.000000 0.000000 1.000000
0.993153 0.061110 -0.099558 0.118804 -0.055272 0.996644 0.060387 99.024361 0.102914 -0.054471 0.993198 0.253891 0.000000 0.000000 0.000000 1.000000
0.993163 0.060974 -0.099545 0.104606 -0.055083 0.996623 0.060896 99.024460 0.102922 -0.054997 0.993168 0.277854 0.000000 0.000000 0.000000 1.000000
0.993189 0.060823 -0.099375 0.091848 -0.054891 0.996604 0.061375 99.023979 0.102770 -0.055502 0.993155 0.297462 0.000000 0.000000 0.000000 1.000000
0.993226 0.060656 -0.099114 0.079600 -0.054688 0.996585 0.061862 99.023178 0.102528 -0.056023 0.993151 0.314636 0.000000 0.000000 0.000000 1.000000
0.993283 0.060425 -0.098679 0.067576 -0.054424 0.996565 0.062413 99.022049 0.102112 -0.056624 0.993160 0.327857 0.000000 0.000000 0.000000 1.000000
0.993368 0.060123 -0.098008 0.055952 -0.054102 0.996548 0.062974 99.020897 0.101455 -0.057254 0.993191 0.338624 0.000000 0.000000 0.000000 1.000000
0.993504 0.059714 -0.096876 0.045302 -0.053722 0.996546 0.063325 99.018448 0.100323 -0.057709 0.993280 0.341156 0.000000 0.000000 0.000000 1.000000
0.993642 0.059293 -0.095708 0.034881 -0.053334 0.996545 0.063662 99.015953 0.099152 -0.058153 0.993372 0.343290 0.000000 0.000000 0.000000 1.000000
0.993782 0.058865 -0.094516 0.024505 -0.052943 0.996545 0.063990 99.013382 0.097956 -0.058588 0.993465 0.344978 0.000000 0.000000 0.000000 1.000000
0.993921 0.058437 -0.093311 0.013988 -0.052554 0.996545 0.064310 99.010727 0.096747 -0.059015 0.993558 0.346167 0.000000 0.000000 0.000000 1.000000
0.994058 0.058014 -0.092108 0.003146 -0.052171 0.996545 0.064626 99.007965 0.095539 -0.059437 0.993650 0.346806 0.000000 0.000000 0.000000 1.000000
0.994191 0.057603 -0.090917 -0.008207 -0.051801 0.996544 0.064942 99.005066 0.094343 -0.059855 0.993739 0.346846 0.000000 0.000000 0.000000 1.000000
0.994328 0.057228 -0.089652 -0.021298 -0.051474 0.996541 0.065238 99.001068 0.093075 -0.060253 0.993834 0.342300 0.000000 0.000000 0.000000 1.000000
0.994444 0.056913 -0.088559 -0.037407 -0.051202 0.996539 0.065483 98.997192 0.091979 -0.060585 0.993916 0.336405 0.000000 0.000000 0.000000 1.000000
0.994529 0.056637 -0.087772 -0.055724 -0.050953 0.996538 0.065697 98.994675 0.091189 -0.060865 0.993972 0.333777 0.000000 0.000000 0.000000 1.000000
0.994605 0.056375 -0.087075 -0.074965 -0.050715 0.996537 0.065901 98.992477 0.090489 -0.061129 0.994020 0.331755 0.000000 0.000000 0.000000 1.000000
0.994673 0.056129 -0.086454 -0.094685 -0.050490 0.996536 0.066082 98.990524 0.089863 -0.061365 0.994062 0.330205 0.000000 0.000000 0.000000 1.000000
0.994735 0.055898 -0.085891 -0.114436 -0.050281 0.996537 0.066228 98.988716 0.089296 -0.061561 0.994101 0.328993 0.000000 0.000000 0.000000 1.000000
0.994779 0.055725 -0.085495 -0.135067 -0.050128 0.996542 0.066265 98.987343 0.088892 -0.061634 0.994133 0.328526 0.000000 0.000000 0.000000 1.000000
0.994801 0.055582 -0.085327 -0.155114 -0.049999 0.996551 0.066228 98.986580 0.088714 -0.061618 0.994149 0.329877 0.000000 0.000000 0.000000 1.000000
0.994808 0.055419 -0.085361 -0.172700 -0.049839 0.996563 0.066172 98.986221 0.088735 -0.061575 0.994150 0.333477 0.000000 0.000000 0.000000 1.000000
0.994799 0.055257 -0.085566 -0.188235 -0.049667 0.996574 0.066136 98.986519 0.088928 -0.061542 0.994135 0.339181 0.000000 0.000000 0.000000 1.000000
0.994776 0.055097 -0.085939 -0.201795 -0.049480 0.996580 0.066182 98.987991 0.089292 -0.061584 0.994100 0.347396 0.000000 0.000000 0.000000 1.000000
0.994746 0.054945 -0.086379 -0.212510 -0.049289 0.996582 0.066293 98.989594 0.089726 -0.061687 0.994054 0.356889 0.000000 0.000000 0.000000 1.000000
0.994720 0.054800 -0.086767 -0.220532 -0.049106 0.996581 0.066452 98.990509 0.090112 -0.061840 0.994010 0.366315 0.000000 0.000000 0.000000 1.000000
0.994695 0.054657 -0.087150 -0.227548 -0.048923 0.996578 0.066630 98.991272 0.090493 -0.062013 0.993964 0.375894 0.000000 0.000000 0.000000 1.000000
0.994668 0.054520 -0.087537 -0.233967 -0.048743 0.996574 0.066821 98.991928 0.090881 -0.062198 0.993918 0.385508 0.000000 0.000000 0.000000 1.000000
0.994640 0.054391 -0.087942 -0.240195 -0.048571 0.996569 0.067017 98.992477 0.091285 -0.062386 0.993869 0.395037 0.000000 0.000000 0.000000 1.000000
0.994597 0.054330 -0.088462 -0.243856 -0.048453 0.996557 0.067272 98.992210 0.091813 -0.062622 0.993805 0.404127 0.000000 0.000000 0.000000 1.000000
0.994570 0.054415 -0.088709 -0.243539 -0.048489 0.996531 0.067642 98.991447 0.092082 -0.062973 0.993758 0.411009 0.000000 0.000000 0.000000 1.000000
0.994536 0.054519 -0.089022 -0.241919 -0.048538 0.996503 0.068017 98.990837 0.092419 -0.063325 0.993705 0.417645 0.000000 0.000000 0.000000 1.000000
0.994499 0.054634 -0.089365 -0.239609 -0.048596 0.996474 0.068397 98.990303 0.092786 -0.063678 0.993648 0.424132 0.000000 0.000000 0.000000 1.000000
0.994463 0.054753 -0.089699 -0.237222 -0.048658 0.996445 0.068780 98.989761 0.093146 -0.064034 0.993591 0.430568 0.000000 0.000000 0.000000 1.000000
0.994430 0.054867 -0.089989 -0.235371 -0.048718 0.996415 0.069163 98.989113 0.093461 -0.064394 0.993538 0.437052 0.000000 0.000000 0.000000 1.000000
0.994406 0.054970 -0.090195 -0.234668 -0.048771 0.996386 0.069548 98.988266 0.093692 -0.064760 0.993493 0.443680 0.000000 0.000000 0.000000 1.000000
0.994393 0.055053 -0.090282 -0.235726 -0.048813 0.996357 0.069930 98.987137 0.093803 -0.065131 0.993458 0.450553 0.000000 0.000000 0.000000 1.000000
0.994397 0.055108 -0.090211 -0.239159 -0.048837 0.996329 0.070310 98.985641 0.093754 -0.065511 0.993438 0.457766 0.000000 0.000000 0.000000 1.000000
0.994420 0.055128 -0.089945 -0.245578 -0.048839 0.996302 0.070686 98.983681 0.093509 -0.065899 0.993435 0.465418 0.000000 0.000000 0.000000 1.000000
0.994458 0.055123 -0.089527 -0.254101 -0.048827 0.996276 0.071062 98.981331 0.093111 -0.066297 0.993446 0.473255 0.000000 0.000000 0.000000 1.000000
0.994503 0.055111 -0.089032 -0.263397 -0.048812 0.996250 0.071442 98.978729 0.092635 -0.066703 0.993463 0.480981 0.000000 0.000000 0.000000 1.000000
0.994554 0.055092 -0.088468 -0.273406 -0.048795 0.996223 0.071825 98.975922 0.092091 -0.067117 0.993486 0.488635 0.000000 0.000000 0.000000 1.000000
0.994611 0.055065 -0.087845 -0.284067 -0.048775 0.996196 0.072210 98.972939 0.091487 -0.067537 0.993513 0.496256 0.000000 0.000000 0.000000 1.000000
0.994672 0.055032 -0.087173 -0.295322 -0.048753 0.996169 0.072597 98.969826 0.090834 -0.067960 0.993544 0.503881 0.000000 0.000000 0.000000 1.000000
0.994736 0.054993 -0.086461 -0.307110 -0.048727 0.996142 0.072984 98.966606 0.090141 -0.068387 0.993578 0.511549 0.000000 0.000000 0.000000 1.000000
0.994803 0.054947 -0.085718 -0.319372 -0.048697 0.996115 0.073371 98.963318 0.089417 -0.068815 0.993614 0.519297 0.000000 0.000000 0.000000 1.000000
0.994871 0.054895 -0.084955 -0.332048 -0.048664 0.996088 0.073755 98.959999 0.088671 -0.069243 0.993651 0.527165 0.000000 0.000000 0.000000 1.000000
0.994941 0.054838 -0.084179 -0.345078 -0.048627 0.996062 0.074138 98.956680 0.087913 -0.069669 0.993689 0.535190 0.000000 0.000000 0.000000 1.000000
0.995009 0.054775 -0.083402 -0.358403 -0.048586 0.996036 0.074516 98.953407 0.087153 -0.070092 0.993726 0.543410 0.000000 0.000000 0.000000 1.000000
0.995077 0.054708 -0.082632 -0.371962 -0.048540 0.996010 0.074890 98.950203 0.086400 -0.070511 0.993762 0.551865 0.000000 0.000000 0.000000 1.000000
0.995144 0.054636 -0.081880 -0.385696 -0.048490 0.995984 0.075259 98.947105 0.085663 -0.070923 0.993797 0.560592 0.000000 0.000000 0.000000 1.000000
0.995207 0.054561 -0.081153 -0.399546 -0.048436 0.995960 0.075621 98.944153 0.084951 -0.071328 0.993829 0.569628 0.000000 0.000000 0.000000 1.000000
0.995268 0.054482 -0.080462 -0.413451 -0.048376 0.995935 0.075976 98.941391 0.084275 -0.071724 0.993858 0.579014 0.000000 0.000000 0.000000 1.000000
0.995324 0.054400 -0.079817 -0.427351 -0.048311 0.995912 0.076322 98.938828 0.083643 -0.072109 0.993883 0.588786 0.000000 0.000000 0.000000 1.000000
0.995376 0.054315 -0.079227 -0.441187 -0.048241 0.995890 0.076659 98.936523 0.083065 -0.072482 0.993905 0.598984 0.000000 0.000000 0.000000 1.000000
0.995422 0.054228 -0.078700 -0.454900 -0.048165 0.995868 0.076985 98.934502 0.082550 -0.072842 0.993921 0.609644 0.000000 0.000000 0.000000 1.000000
0.995452 0.054103 -0.078406 -0.470612 -0.048042 0.995855 0.077238 98.933952 0.082260 -0.073120 0.993925 0.624018 0.000000 0.000000 0.000000 1.000000
0.995461 0.053922 -0.078424 -0.489301 -0.047847 0.995852 0.077387 98.935425 0.082271 -0.073284 0.993912 0.643507 0.000000 0.000000 0.000000 1.000000
0.995456 0.053708 -0.078633 -0.509189 -0.047608 0.995856 0.077486 98.937981 0.082469 -0.073390 0.993888 0.665377 0.000000 0.000000 0.000000 1.000000
0.995446 0.053483 -0.078914 -0.528498 -0.047355 0.995860 0.077586 98.940704 0.082737 -0.073496 0.993858 0.686896 0.000000 0.000000 0.000000 1.000000
0.995439 0.053273 -0.079145 -0.545450 -0.047114 0.995860 0.077740 98.942635 0.082959 -0.073657 0.993827 0.705330 0.000000 0.000000 0.000000 1.000000
0.995424 0.053063 -0.079465 -0.555486 -0.046858 0.995850 0.078022 98.942986 0.083276 -0.073941 0.993780 0.715971 0.000000 0.000000 0.000000 1.000000
0.995403 0.052858 -0.079863 -0.561165 -0.046593 0.995835 0.078372 98.943146 0.083673 -0.074291 0.993720 0.721510 0.000000 0.000000 0.000000 1.000000
0.995392 0.052707 -0.080107 -0.564848 -0.046391 0.995814 0.078750 98.945221 0.083922 -0.074671 0.993671 0.722656 0.000000 0.000000 0.000000 1.000000
0.995383 0.052554 -0.080313 -0.564864 -0.046207 0.995808 0.078941 98.949852 0.084125 -0.074865 0.993639 0.720838 0.000000 0.000000 0.000000 1.000000
0.995376 0.052338 -0.080546 -0.559548 -0.045981 0.995825 0.078859 98.955154 0.084337 -0.074790 0.993627 0.716061 0.000000 0.000000 0.000000 1.000000
0.995371 0.052060 -0.080782 -0.548760 -0.045712 0.995863 0.078538 98.957771 0.084537 -0.074481 0.993633 0.704484 0.000000 0.000000 0.000000 1.000000
0.995367 0.051772 -0.081018 -0.536919 -0.045437 0.995904 0.078172 98.959877 0.084734 -0.074129 0.993642 0.691514 0.000000 0.000000 0.000000 1.000000
0.995363 0.051507 -0.081238 -0.524656 -0.045186 0.995944 0.077812 98.962074 0.084916 -0.073780 0.993653 0.676642 0.000000 0.000000 0.000000 1.000000
0.995361 0.051269 -0.081414 -0.512372 -0.044964 0.995979 0.077480 98.964401 0.085059 -0.073459 0.993664 0.658680 0.000000 0.000000 0.000000 1.000000
0.995359 0.051055 -0.081573 -0.499665 -0.044766 0.996014 0.077153 98.966805 0.085187 -0.073143 0.993677 0.638817 0.000000 0.000000 0.000000 1.000000
0.995351 0.050886 -0.081779 -0.485959 -0.044610 0.996047 0.076813 98.969711 0.085365 -0.072808 0.993686 0.620110 0.000000 0.000000 0.000000 1.000000
0.995335 0.050760 -0.082043 -0.471244 -0.044495 0.996079 0.076463 98.973129 0.085602 -0.072456 0.993691 0.603272 0.000000 0.000000 0.000000 1.000000
0.995317 0.050656 -0.082328 -0.456034 -0.044400 0.996110 0.076112 98.976761 0.085863 -0.072101 0.993695 0.586913 0.000000 0.000000 0.000000 1.000000
0.995297 0.050565 -0.082627 -0.440532 -0.044318 0.996141 0.075755 98.980560 0.086139 -0.071737 0.993697 0.570939 0.000000 0.000000 0.000000 1.000000
0.995276 0.050477 -0.082934 -0.424941 -0.044241 0.996173 0.075384 98.984467 0.086422 -0.071359 0.993700 0.555255 0.000000 0.000000 0.000000 1.000000
0.995255 0.050384 -0.083241 -0.409463 -0.044160 0.996206 0.074993 98.988426 0.086704 -0.070961 0.993704 0.539764 0.000000 0.000000 0.000000 1.000000
0.995228 0.050294 -0.083613 -0.393839 -0.044096 0.996254 0.074393 98.993546 0.087041 -0.070351 0.993718 0.527558 0.000000 0.000000 0.000000 1.000000
0.995199 0.050279 -0.083967 -0.376495 -0.044113 0.996301 0.073748 98.999115 0.087364 -0.069690 0.993736 0.516833 0.000000 0.000000 0.000000 1.000000
0.995170 0.050282 -0.084315 -0.358770 -0.044146 0.996346 0.073116 99.004906 0.087684 -0.069041 0.993753 0.507303 0.000000 0.000000 0.000000 1.000000
0.995140 0.050300 -0.084655 -0.340853 -0.044187 0.996382 0.072597 99.011299 0.088001 -0.068503 0.993762 0.502275 0.000000 0.000000 0.000000 1.000000
0.995108 0.050190 -0.085093 -0.321256 -0.044074 0.996409 0.072292 99.019341 0.088416 -0.068188 0.993747 0.504482 0.000000 0.000000 0.000000 1.000000
0.995075 0.050057 -0.085559 -0.301458 -0.043927 0.996431 0.072079 99.027229 0.088862 -0.067966 0.993722 0.508105 0.000000 0.000000 0.000000 1.000000
0.995037 0.049934 -0.086073 -0.282324 -0.043767 0.996436 0.072111 99.032722 0.089367 -0.067986 0.993676 0.511575 0.000000 0.000000 0.000000 1.000000
0.995018 0.049905 -0.086307 -0.268538 -0.043702 0.996424 0.072316 99.035744 0.089608 -0.068184 0.993641 0.515351 0.000000 0.000000 0.000000 1.000000
0.995002 0.049888 -0.086502 -0.255442 -0.043652 0.996409 0.072546 99.038391 0.089811 -0.068407 0.993607 0.519118 0.000000 0.000000 0.000000 1.000000
0.994987 0.049877 -0.086682 -0.242814 -0.043607 0.996394 0.072785 99.040939 0.090000 -0.068640 0.993574 0.523042 0.000000 0.000000 0.000000 1.000000
0.994971 0.049864 -0.086870 -0.230431 -0.043560 0.996379 0.073016 99.043678 0.090196 -0.068865 0.993540 0.527289 0.000000 0.000000 0.000000 1.000000
0.994953 0.049838 -0.087086 -0.218497 -0.043496 0.996364 0.073264 99.047150 0.090421 -0.069107 0.993503 0.533337 0.000000 0.000000 0.000000 1.000000
0.994937 0.049834 -0.087275 -0.208323 -0.043463 0.996352 0.073442 99.050224 0.090616 -0.069277 0.993473 0.538359 0.000000 0.000000 0.000000 1.000000
0.994923 0.049874 -0.087406 -0.200192 -0.043489 0.996348 0.073483 99.051811 0.090752 -0.069309 0.993459 0.539751 0.000000 0.000000 0.000000 1.000000
0.994911 0.049931 -0.087512 -0.193057 -0.043541 0.996347 0.073466 99.052879 0.090861 -0.069281 0.993451 0.539756 0.000000 0.000000 0.000000 1.000000
0.994901 0.049996 -0.087594 -0.186366 -0.043604 0.996347 0.073422 99.054321 0.090945 -0.069228 0.993447 0.539353 0.000000 0.000000 0.000000 1.000000
0.994894 0.050072 -0.087629 -0.180283 -0.043686 0.996350 0.073333 99.056839 0.090981 -0.069130 0.993450 0.538286 0.000000 0.000000 0.000000 1.000000
0.994890 0.050159 -0.087625 -0.175058 -0.043785 0.996355 0.073213 99.059799 0.090978 -0.069002 0.993459 0.536956 0.000000 0.000000 0.000000 1.000000
0.994889 0.050265 -0.087577 -0.171556 -0.043904 0.996358 0.073101 99.062645 0.090932 -0.068882 0.993472 0.536928 0.000000 0.000000 0.000000 1.000000
0.994884 0.050362 -0.087571 -0.168919 -0.044017 0.996365 0.072934 99.065399 0.090926 -0.068707 0.993485 0.538269 0.000000 0.000000 0.000000 1.000000
0.994871 0.050479 -0.087652 -0.166954 -0.044149 0.996375 0.072718 99.065636 0.091005 -0.068475 0.993493 0.539632 0.000000 0.000000 0.000000 1.000000
0.994859 0.050617 -0.087716 -0.166276 -0.044301 0.996383 0.072518 99.064438 0.091070 -0.068259 0.993502 0.540524 0.000000 0.000000 0.000000 1.000000
0.994852 0.050807 -0.087679 -0.167710 -0.044505 0.996383 0.072391 99.060707 0.091040 -0.068116 0.993515 0.539374 0.000000 0.000000 0.000000 1.000000
0.994847 0.051002 -0.087627 -0.172174 -0.044714 0.996381 0.072286 99.056229 0.090997 -0.067995 0.993527 0.539302 0.000000 0.000000 0.000000 1.000000
0.994840 0.051169 -0.087611 -0.179384 -0.044892 0.996381 0.072173 99.052483 0.090987 -0.067867 0.993537 0.542030 0.000000 0.000000 0.000000 1.000000
0.994833 0.051331 -0.087594 -0.187171 -0.045065 0.996381 0.072066 99.048752 0.090977 -0.067746 0.993546 0.545268 0.000000 0.000000 0.000000 1.000000
0.994826 0.051490 -0.087581 -0.195394 -0.045236 0.996381 0.071959 99.045074 0.090970 -0.067625 0.993555 0.548843 0.000000 0.000000 0.000000 1.000000
0.994818 0.051649 -0.087575 -0.203913 -0.045406 0.996382 0.071845 99.041428 0.090969 -0.067496 0.993564 0.552579 0.000000 0.000000 0.000000 1.000000
0.994809 0.051809 -0.087580 -0.212586 -0.045577 0.996383 0.071719 99.037849 0.090979 -0.067355 0.993572 0.556305 0.000000 0.000000 0.000000 1.000000
0.994799 0.051973 -0.087599 -0.221272 -0.045753 0.996385 0.071574 99.034348 0.091002 -0.067194 0.993581 0.559846 0.000000 0.000000 0.000000 1.000000
0.994770 0.052165 -0.087818 -0.232694 -0.045966 0.996403 0.071191 99.031952 0.091216 -0.066782 0.993589 0.563039 0.000000 0.000000 0.000000 1.000000
0.994729 0.052386 -0.088147 -0.242941 -0.046202 0.996421 0.070789 99.033279 0.091540 -0.066343 0.993589 0.569339 0.000000 0.000000 0.000000 1.000000
0.994685 0.052585 -0.088525 -0.252624 -0.046413 0.996439 0.070387 99.034485 0.091911 -0.065904 0.993584 0.576790 0.000000 0.000000 0.000000 1.000000
0.994637 0.052711 -0.088987 -0.261597 -0.046548 0.996462 0.069975 99.033234 0.092361 -0.065458 0.993572 0.585427 0.000000 0.000000 0.000000 1.000000
0.994591 0.052800 -0.089449 -0.269992 -0.046641 0.996484 0.069601 99.031242 0.092810 -0.065052 0.993557 0.594827 0.000000 0.000000 0.000000 1.000000
0.994554 0.052869 -0.089821 -0.277806 -0.046712 0.996500 0.069330 99.029381 0.093172 -0.064757 0.993542 0.604495 0.000000 0.000000 0.000000 1.000000
0.994521 0.052919 -0.090153 -0.285291 -0.046762 0.996514 0.069092 99.027740 0.093495 -0.064498 0.993528 0.614682 0.000000 0.000000 0.000000 1.000000
0.994495 0.052935 -0.090432 -0.292525 -0.046784 0.996531 0.068826 99.027496 0.093761 -0.064217 0.993522 0.626356 0.000000 0.000000 0.000000 1.000000
0.994465 0.052879 -0.090794 -0.298464 -0.046738 0.996557 0.068477 99.028168 0.094102 -0.063855 0.993513 0.639407 0.000000 0.000000 0.000000 1.000000
0.994433 0.052803 -0.091185 -0.303939 -0.046672 0.996586 0.068110 99.029015 0.094470 -0.063475 0.993502 0.652677 0.000000 0.000000 0.000000 1.000000
0.994397 0.052697 -0.091637 -0.308386 -0.046573 0.996616 0.067736 99.029877 0.094897 -0.063089 0.993486 0.665658 0.000000 0.000000 0.000000 1.000000
0.994374 0.052633 -0.091920 -0.313226 -0.046530 0.996646 0.067318 99.030090 0.095155 -0.062662 0.993488 0.675773 0.000000 0.000000 0.000000 1.000000
0.994354 0.052574 -0.092179 -0.318180 -0.046496 0.996676 0.066891 99.030190 0.095390 -0.062227 0.993493 0.685436 0.000000 0.000000 0.000000 1.000000
0.994333 0.052516 -0.092429 -0.323003 -0.046462 0.996706 0.066467 99.030296 0.095615 -0.061796 0.993498 0.695068 0.000000 0.000000 0.000000 1.000000
0.994313 0.052451 -0.092683 -0.327453 -0.046422 0.996735 0.066057 99.030548 0.095845 -0.061379 0.993502 0.705093 0.000000 0.000000 0.000000 1.000000
0.994294 0.052354 -0.092944 -0.329299 -0.046339 0.996760 0.065739 99.031639 0.096085 -0.061057 0.993499 0.717469 0.000000 0.000000 0.000000 1.000000
0.994271 0.052274 -0.093239 -0.328797 -0.046259 0.996777 0.065541 99.034737 0.096365 -0.060852 0.993484 0.730234 0.000000 0.000000 0.000000 1.000000
0.994245 0.052230 -0.093536 -0.327715 -0.046208 0.996786 0.065435 99.037170 0.096653 -0.060737 0.993463 0.741651 0.000000 0.000000 0.000000 1.000000
0.994228 0.052187 -0.093744 -0.327163 -0.046142 0.996783 0.065537 99.036331 0.096863 -0.060833 0.993437 0.751788 0.000000 0.000000 0.000000 1.000000
0.994212 0.052144 -0.093934 -0.326721 -0.046073 0.996777 0.065678 99.034889 0.097056 -0.060970 0.993410 0.761669 0.000000 0.000000 0.000000 1.000000
0.994198 0.052111 -0.094101 -0.326450 -0.046013 0.996768 0.065850 99.033371 0.097228 -0.061138 0.993383 0.771281 0.000000 0.000000 0.000000 1.000000
0.994192 0.052130 -0.094149 -0.327054 -0.045998 0.996748 0.066168 99.031754 0.097292 -0.061453 0.993357 0.779545 0.000000 0.000000 0.000000 1.000000
0.994182 0.052231 -0.094203 -0.327928 -0.046061 0.996721 0.066518 99.031990 0.097369 -0.061792 0.993328 0.787910 0.000000 0.000000 0.000000 1.000000
0.994173 0.052435 -0.094188 -0.330824 -0.046232 0.996690 0.066873 99.030823 0.097383 -0.062129 0.993306 0.794619 0.000000 0.000000 0.000000 1.000000
0.994163 0.052658 -0.094160 -0.334078 -0.046423 0.996657 0.067230 99.029358 0.097385 -0.062467 0.993284 0.800925 0.000000 0.000000 0.000000 1.000000
0.994154 0.052890 -0.094128 -0.337001 -0.046620 0.996622 0.067605 99.027184 0.097385 -0.062822 0.993262 0.805773 0.000000 0.000000 0.000000 1.000000
0.994144 0.053157 -0.094082 -0.338040 -0.046845 0.996580 0.068075 99.021324 0.097379 -0.063269 0.993234 0.802977 0.000000 0.000000 0.000000 1.000000
0.994156 0.053376 -0.093835 -0.338839 -0.047043 0.996545 0.068450 99.014885 0.097164 -0.063635 0.993232 0.797872 0.000000 0.000000 0.000000 1.000000
0.994170 0.053593 -0.093564 -0.339668 -0.047245 0.996512 0.068791 99.008415 0.096924 -0.063969 0.993234 0.792029 0.000000 0.000000 0.000000 1.000000
0.994185 0.053805 -0.093283 -0.340449 -0.047442 0.996478 0.069141 99.001892 0.096674 -0.064313 0.993236 0.786359 0.000000 0.000000 0.000000 1.000000
0.994200 0.054009 -0.093006 -0.341103 -0.047625 0.996442 0.069543 98.995300 0.096431 -0.064710 0.993234 0.781769 0.000000 0.000000 0.000000 1.000000
0.994213 0.054199 -0.092750 -0.341553 -0.047785 0.996399 0.070040 98.988640 0.096212 -0.065203 0.993223 0.779167 0.000000 0.000000 0.000000 1.000000
0.994224 0.054359 -0.092543 -0.341240 -0.047890 0.996344 0.070746 98.981987 0.096051 -0.065906 0.993192 0.781231 0.000000 0.000000 0.000000 1.000000
0.994233 0.054491 -0.092364 -0.340504 -0.047948 0.996278 0.071638 98.975143 0.095924 -0.066796 0.993145 0.787137 0.000000 0.000000 0.000000 1.000000
0.994246 0.054625 -0.092147 -0.340613 -0.048008 0.996208 0.072553 98.967644 0.095761 -0.067712 0.993099 0.792541 0.000000 0.000000 0.000000 1.000000
0.994278 0.054777 -0.091714 -0.345374 -0.048096 0.996132 0.073532 98.956726 0.095387 -0.068700 0.993067 0.793983 0.000000 0.000000 0.000000 1.000000
0.994319 0.054991 -0.091137 -0.355956 -0.048263 0.996056 0.074452 98.947472 0.094872 -0.069630 0.993051 0.794746 0.000000 0.000000 0.000000 1.000000
0.994362 0.055211 -0.090534 -0.367666 -0.048441 0.995980 0.075343 98.938683 0.094330 -0.070533 0.993039 0.795265 0.000000 0.000000 0.000000 1.000000
0.994407 0.055344 -0.089955 -0.379972 -0.048556 0.995927 0.075970 98.932549 0.093793 -0.071178 0.993044 0.793924 0.000000 0.000000 0.000000 1.000000
0.994455 0.055360 -0.089410 -0.392789 -0.048583 0.995903 0.076273 98.929794 0.093266 -0.071506 0.993070 0.790522 0.000000 0.000000 0.000000 1.000000
0.994505 0.055317 -0.088877 -0.406089 -0.048566 0.995894 0.076401 98.928932 0.092738 -0.071665 0.993108 0.786031 0.000000 0.000000 0.000000 1.000000
0.994555 0.055248 -0.088361 -0.419428 -0.048532 0.995893 0.076434 98.928757 0.092221 -0.071729 0.993152 0.780580 0.000000 0.000000 0.000000 1.000000
0.994602 0.055189 -0.087871 -0.432358 -0.048507 0.995893 0.076449 98.928085 0.091729 -0.071774 0.993194 0.774302 0.000000 0.000000 0.000000 1.000000
0.994646 0.055165 -0.087386 -0.445902 -0.048526 0.995899 0.076360 98.925896 0.091240 -0.071711 0.993244 0.765479 0.000000 0.000000 0.000000 1.000000
0.994675 0.055094 -0.087101 -0.455436 -0.048492 0.995915 0.076173 98.924606 0.090942 -0.071544 0.993283 0.754038 0.000000 0.000000 0.000000 1.000000
0.994686 0.054941 -0.087071 -0.459105 -0.048356 0.995934 0.076009 98.925415 0.090893 -0.071394 0.993298 0.741944 0.000000 0.000000 0.000000 1.000000
0.994692 0.054766 -0.087107 -0.461330 -0.048194 0.995955 0.075839 98.926750 0.090908 -0.071238 0.993308 0.729498 0.000000 0.000000 0.000000 1.000000
0.994696 0.054580 -0.087185 -0.462602 -0.048018 0.995976 0.075666 98.928352 0.090964 -0.071078 0.993314 0.716807 0.000000 0.000000 0.000000 1.000000
0.994698 0.054396 -0.087278 -0.463409 -0.047844 0.995998 0.075493 98.929977 0.091035 -0.070917 0.993319 0.703982 0.000000 0.000000 0.000000 1.000000
0.994700 0.054228 -0.087361 -0.464242 -0.047685 0.996018 0.075324 98.931351 0.091098 -0.070759 0.993325 0.691129 0.000000 0.000000 0.000000 1.000000
0.994690 0.054153 -0.087518 -0.461496 -0.047612 0.996033 0.075171 98.931664 0.091242 -0.070605 0.993323 0.677058 0.000000 0.000000 0.000000 1.000000
0.994679 0.054081 -0.087685 -0.457792 -0.047540 0.996046 0.075042 98.933296 0.091397 -0.070474 0.993318 0.663444 0.000000 0.000000 0.000000 1.000000
0.994668 0.054011 -0.087854 -0.453827 -0.047470 0.996059 0.074918 98.935127 0.091554 -0.070348 0.993312 0.649832 0.000000 0.000000 0.000000 1.000000
0.994656 0.053966 -0.088016 -0.448558 -0.047423 0.996070 0.074801 98.936287 0.091707 -0.070227 0.993307 0.634859 0.000000 0.000000 0.000000 1.000000
0.994639 0.053954 -0.088216 -0.440704 -0.047406 0.996078 0.074714 98.935616 0.091901 -0.070131 0.993295 0.618644 0.000000 0.000000 0.000000 1.000000
0.994628 0.054024 -0.088300 -0.430145 -0.047480 0.996082 0.074604 98.934250 0.091985 -0.070010 0.993296 0.596528 0.000000 0.000000 0.000000 1.000000
0.994633 0.054179 -0.088150 -0.418667 -0.047662 0.996086 0.074433 98.933159 0.091837 -0.069832 0.993322 0.567003 0.000000 0.000000 0.000000 1.000000
0.994644 0.054366 -0.087912 -0.406913 -0.047883 0.996090 0.074244 98.931946 0.091605 -0.069637 0.993358 0.534944 0.000000 0.000000 0.000000 1.000000
0.994652 0.054570 -0.087685 -0.393857 -0.048121 0.996093 0.074045 98.931091 0.091383 -0.069429 0.993393 0.501398 0.000000 0.000000 0.000000 1.000000
0.994652 0.054777 -0.087564 -0.378476 -0.048356 0.996097 0.073842 98.931099 0.091267 -0.069213 0.993418 0.467411 0.000000 0.000000 0.000000 1.000000
0.994624 0.055016 -0.087724 -0.356122 -0.048604 0.996101 0.073622 98.933647 0.091432 -0.068963 0.993421 0.431209 0.000000 0.000000 0.000000 1.000000
0.994580 0.055247 -0.088082 -0.328835 -0.048832 0.996107 0.073391 98.937828 0.091794 -0.068692 0.993406 0.393386 0.000000 0.000000 0.000000 1.000000
0.994525 0.055340 -0.088640 -0.298221 -0.048907 0.996120 0.073164 98.942673 0.092345 -0.068429 0.993373 0.356118 0.000000 0.000000 0.000000 1.000000
0.994480 0.055440 -0.089081 -0.270883 -0.048992 0.996127 0.073014 98.945297 0.092784 -0.068247 0.993345 0.320202 0.000000 0.000000 0.000000 1.000000
0.994439 0.055558 -0.089462 -0.244751 -0.049096 0.996132 0.072879 98.947060 0.093165 -0.068081 0.993320 0.284857 0.000000 0.000000 0.000000 1.000000
0.994410 0.055750 -0.089665 -0.221375 -0.049288 0.996132 0.072739 98.946686 0.093374 -0.067913 0.993312 0.251016 0.000000 0.000000 0.000000 1.000000
0.994385 0.055952 -0.089823 -0.199064 -0.049504 0.996141 0.072471 98.946106 0.093532 -0.067617 0.993318 0.217605 0.000000 0.000000 0.000000 1.000000
0.994360 0.056128 -0.089987 -0.178020 -0.049709 0.996161 0.072052 98.947517 0.093686 -0.067173 0.993333 0.186350 0.000000 0.000000 0.000000 1.000000
0.994334 0.056292 -0.090171 -0.157239 -0.049903 0.996184 0.071609 98.949699 0.093858 -0.066704 0.993349 0.156004 0.000000 0.000000 0.000000 1.000000
0.994301 0.056427 -0.090450 -0.136504 -0.050058 0.996205 0.071198 98.953796 0.094124 -0.066264 0.993353 0.128051 0.000000 0.000000 0.000000 1.000000
0.994260 0.056548 -0.090820 -0.115294 -0.050185 0.996221 0.070888 98.957596 0.094486 -0.065923 0.993341 0.099878 0.000000 0.000000 0.000000 1.000000
0.994214 0.056681 -0.091247 -0.093667 -0.050314 0.996233 0.070628 98.960907 0.094907 -0.065628 0.993321 0.070115 0.000000 0.000000 0.000000 1.000000
0.994161 0.056869 -0.091708 -0.072572 -0.050511 0.996251 0.070227 98.964401 0.095358 -0.065185 0.993307 0.038585 0.000000 0.000000 0.000000 1.000000
0.994112 0.057019 -0.092142 -0.049634 -0.050674 0.996274 0.069790 98.968918 0.095778 -0.064709 0.993297 0.009985 0.000000 0.000000 0.000000 1.000000
0.994071 0.057090 -0.092541 -0.023678 -0.050764 0.996302 0.069325 98.975098 0.096156 -0.064216 0.993293 -0.013853 0.000000 0.000000 0.000000 1.000000
0.994030 0.057145 -0.092950 0.002887 -0.050841 0.996332 0.068829 98.981781 0.096542 -0.063692 0.993289 -0.037174 0.000000 0.000000 0.000000 1.000000
0.993989 0.057191 -0.093358 0.029822 -0.050911 0.996363 0.068323 98.988708 0.096926 -0.063159 0.993286 -0.060000 0.000000 0.000000 0.000000 1.000000
0.993949 0.057233 -0.093754 0.056888 -0.050976 0.996394 0.067830 98.995590 0.097298 -0.062641 0.993282 -0.082354 0.000000 0.000000 0.000000 1.000000
0.993911 0.057278 -0.094126 0.083847 -0.051042 0.996421 0.067374 99.002182 0.097648 -0.062159 0.993278 -0.104261 0.000000 0.000000 0.000000 1.000000
0.993876 0.057331 -0.094462 0.110460 -0.051113 0.996445 0.066976 99.008179 0.097966 -0.061737 0.993273 -0.125744 0.000000 0.000000 0.000000 1.000000
0.993845 0.057398 -0.094750 0.136488 -0.051194 0.996462 0.066659 99.013336 0.098241 -0.061398 0.993267 -0.146826 0.000000 0.000000 0.000000 1.000000
0.993823 0.057508 -0.094912 0.161808 -0.051302 0.996461 0.066579 99.016029 0.098405 -0.061299 0.993257 -0.166977 0.000000 0.000000 0.000000 1.000000
0.993816 0.057654 -0.094899 0.185677 -0.051430 0.996442 0.066778 99.016068 0.098411 -0.061484 0.993245 -0.184774 0.000000 0.000000 0.000000 1.000000
0.993823 0.057789 -0.094748 0.206931 -0.051542 0.996414 0.067104 99.015282 0.098286 -0.061806 0.993237 -0.198902 0.000000 0.000000 0.000000 1.000000
0.993837 0.057900 -0.094532 0.226938 -0.051629 0.996384 0.067483 99.014626 0.098097 -0.062187 0.993232 -0.210740 0.000000 0.000000 0.000000 1.000000
0.993853 0.058007 -0.094298 0.247627 -0.051708 0.996349 0.067927 99.013832 0.097894 -0.062634 0.993224 -0.222499 0.000000 0.000000 0.000000 1.000000
0.993870 0.058112 -0.094050 0.268668 -0.051780 0.996312 0.068416 99.012917 0.097679 -0.063126 0.993214 -0.234105 0.000000 0.000000 0.000000 1.000000
0.993889 0.058215 -0.093789 0.289733 -0.051850 0.996273 0.068927 99.011925 0.097452 -0.063643 0.993203 -0.245487 0.000000 0.000000 0.000000 1.000000
0.993908 0.058317 -0.093519 0.310495 -0.051919 0.996234 0.069441 99.010880 0.097217 -0.064163 0.993193 -0.256572 0.000000 0.000000 0.000000 1.000000
0.993928 0.058419 -0.093243 0.330624 -0.051991 0.996196 0.069937 99.009819 0.096974 -0.064665 0.993184 -0.267287 0.000000 0.000000 0.000000 1.000000
0.993948 0.058523 -0.092962 0.349793 -0.052069 0.996159 0.070394 99.008766 0.096725 -0.065128 0.993178 -0.277560 0.000000 0.000000 0.000000 1.000000
0.993968 0.058628 -0.092680 0.367672 -0.052155 0.996127 0.070792 99.007759 0.096472 -0.065531 0.993176 -0.287318 0.000000 0.000000 0.000000 1.000000
0.993988 0.058738 -0.092400 0.383933 -0.052252 0.996099 0.071108 99.006828 0.096216 -0.065853 0.993180 -0.296489 0.000000 0.000000 0.000000 1.000000
0.994007 0.058851 -0.092124 0.398249 -0.052363 0.996078 0.071324 99.005989 0.095960 -0.066073 0.993190 -0.304999 0.000000 0.000000 0.000000 1.000000
0.994025 0.058970 -0.091855 0.410290 -0.052492 0.996064 0.071418 99.005287 0.095705 -0.066169 0.993208 -0.312777 0.000000 0.000000 0.000000 1.000000
0.994043 0.059100 -0.091572 0.419865 -0.052648 0.996062 0.071341 99.004753 0.095428 -0.066095 0.993240 -0.320562 0.000000 0.000000 0.000000 1.000000
0.994063 0.059242 -0.091263 0.427089 -0.052835 0.996070 0.071087 99.004372 0.095115 -0.065843 0.993286 -0.328743 0.000000 0.000000 0.000000 1.000000
0.994084 0.059392 -0.090940 0.432094 -0.053045 0.996087 0.070694 99.004089 0.094783 -0.065452 0.993344 -0.336719 0.000000 0.000000 0.000000 1.000000
0.994104 0.059547 -0.090617 0.435009 -0.053268 0.996110 0.070201 99.003891 0.094445 -0.064960 0.993408 -0.343890 0.000000 0.000000 0.000000 1.000000
0.994123 0.059703 -0.090307 0.435965 -0.053497 0.996136 0.069648 99.003738 0.094116 -0.064407 0.993476 -0.349655 0.000000 0.000000 0.000000 1.000000
0.994139 0.059856 -0.090024 0.435093 -0.053723 0.996164 0.069073 99.003593 0.093813 -0.063832 0.993541 -0.353413 0.000000 0.000000 0.000000 1.000000
0.994153 0.060001 -0.089780 0.432524 -0.053937 0.996191 0.068517 99.003426 0.093549 -0.063273 0.993602 -0.354566 0.000000 0.000000 0.000000 1.000000
0.994162 0.060136 -0.089589 0.428388 -0.054130 0.996215 0.068017 99.003204 0.093340 -0.062771 0.993654 -0.352511 0.000000 0.000000 0.000000 1.000000
0.994166 0.060254 -0.089464 0.422816 -0.054295 0.996233 0.067615 99.002899 0.093201 -0.062363 0.993692 -0.346648 0.000000 0.000000 0.000000 1.000000
0.994163 0.060351 -0.089432 0.414189 -0.054423 0.996247 0.067305 99.002525 0.093158 -0.062045 0.993716 -0.334856 0.000000 0.000000 0.000000 1.000000
0.994153 0.060426 -0.089496 0.401452 -0.054518 0.996259 0.067049 99.002136 0.093213 -0.061778 0.993728 -0.316525 0.000000 0.000000 0.000000 1.000000
0.994137 0.060486 -0.089633 0.385584 -0.054590 0.996270 0.066828 99.001717 0.093341 -0.061543 0.993730 -0.293328 0.000000 0.000000 0.000000 1.000000
0.994116 0.060537 -0.089820 0.367561 -0.054649 0.996280 0.066626 99.001244 0.093519 -0.061325 0.993727 -0.266937 0.000000 0.000000 0.000000 1.000000
