<?xml version="1.0" encoding="utf-8"?>
<COLLADA xmlns="http://www.collada.org/2005/11/COLLADASchema" version="1.4.1">
  <asset><contributor><author>Mixamo</author><authoring_tool>COLLADA Mixamo exporter</authoring_tool><comments></comments></contributor><created>2019-11-29T13:13:51Z</created><modified>2019-11-29T13:13:51Z</modified><revision></revision><title></title><unit meter="0.010000"/><up_axis>Y_UP</up_axis></asset>
  <library_animations>
    <animation id="mixamorig_Hips-anim" name="mixamorig_Hips"><source id="mixamorig_Hips-Matrix-animation-input"><float_array id="mixamorig_Hips-Matrix-animation-input-array" count="66">

0.000000 0.033333 0.066667 0.100000 0.133333 0.166667 0.200000 0.233333 0.266667 0.300000 0.333333 0.366667 0.400000 0.433333 0.466667 0.500000
0.533333 0.566667 0.600000 0.633333 0.666667 0.700000 0.733333 0.766667 0.800000 0.833333 0.866667 0.900000 0.933333 0.966667 1.000000 1.033333
1.066667 1.100000 1.133333 1.166667 1.200000 1.233333 1.266667 1.300000 1.333333 1.366667 1.400000 1.433333 1.466667 1.500000 1.533333 1.566667
1.600000 1.633333 1.666667 1.700000 1.733333 1.766667 1.800000 1.833333 1.866667 1.900000 1.933333 1.966667 2.000000 2.033333 2.066667 2.100000
2.133333 2.166667</float_array><technique_common><accessor source="#mixamorig_Hips-Matrix-animation-input-array" count="66"><param name="TIME" type="float"/></accessor></technique_common></source><source id="mixamorig_Hips-Matrix-animation-output-transform"><float_array id="mixamorig_Hips-Matrix-animation-output-transform-array" count="1056">

0.993975 0.061004 -0.091062 0.262309 -0.055177 0.996346 0.065191 98.999336 0.094707 -0.059774 0.993709 -0.126010 0.000000 0.000000 0.000000 1.000000
0.992639 0.059323 -0.105586 0.530793 -0.053843 0.997087 0.054025 99.031204 0.108484 -0.047943 0.992941 -0.191215 0.000000 0.000000 0.000000 1.000000
0.991111 0.057307 -0.120062 0.799276 -0.052502 0.997703 0.042815 99.063057 0.122240 -0.036131 0.991843 -0.256420 0.000000 0.000000 0.000000 1.000000
0.988972 0.054530 -0.137696 1.126580 -0.051104 0.998292 0.028296 99.076157 0.139004 -0.020947 0.990070 -0.369419 0.000000 0.000000 0.000000 1.000000
0.985467 0.049950 -0.162359 1.588845 -0.049535 0.998751 0.006603 99.064682 0.162486 0.001535 0.986710 -0.581796 0.000000 0.000000 0.000000 1.000000
0.980425 0.043000 -0.192140 2.143912 -0.047936 0.998627 -0.021117 98.986580 0.190968 0.029914 0.981140 -0.890139 0.000000 0.000000 0.000000 1.000000
0.972791 0.031788 -0.229493 2.812353 -0.046617 0.997140 -0.059486 98.668701 0.226946 0.068566 0.971491 -1.403689 0.000000 0.000000 0.000000 1.000000
0.961939 0.014722 -0.272869 3.601482 -0.046305 0.992889 -0.109669 97.828369 0.269314 0.118130 0.955780 -2.183619 0.000000 0.000000 0.000000 1.000000
0.948919 -0.006573 -0.315453 4.411864 -0.047477 0.985425 -0.163350 96.722816 0.311929 0.169982 0.934776 -3.064605 0.000000 0.000000 0.000000 1.000000
0.934675 -0.028195 -0.354384 5.207824 -0.055275 0.973201 -0.223215 94.813553 0.351181 0.228222 0.908068 -4.184499 0.000000 0.000000 0.000000 1.000000
0.921820 -0.045475 -0.384941 5.938987 -0.071580 0.956044 -0.284353 92.194412 0.380952 0.289677 0.878045 -5.427952 0.000000 0.000000 0.000000 1.000000
0.912904 -0.056889 -0.404190 6.622350 -0.094556 0.933828 -0.344998 88.957741 0.397071 0.353169 0.847117 -6.664989 0.000000 0.000000 0.000000 1.000000
0.909957 -0.064349 -0.409680 7.292389 -0.117570 0.907325 -0.403656 85.376328 0.397688 0.415475 0.818062 -7.734999 0.000000 0.000000 0.000000 1.000000
0.913208 -0.070277 -0.401389 7.954769 -0.133338 0.879257 -0.457304 81.810417 0.385062 0.471134 0.793574 -8.530139 0.000000 0.000000 0.000000 1.000000
0.920063 -0.075317 -0.384462 8.578650 -0.139174 0.854501 -0.500458 78.554749 0.366217 0.513960 0.775713 -9.010186 0.000000 0.000000 0.000000 1.000000
0.926296 -0.079313 -0.368354 9.100490 -0.137458 0.839092 -0.526336 75.917091 0.350828 0.538176 0.766346 -9.109705 0.000000 0.000000 0.000000 1.000000
0.928564 -0.083646 -0.361624 9.497878 -0.130061 0.839180 -0.528073 74.432358 0.347639 0.537383 0.768353 -8.807597 0.000000 0.000000 0.000000 1.000000
0.924534 -0.092030 -0.369821 9.862549 -0.115202 0.857516 -0.501392 74.527870 0.363271 0.506158 0.782201 -8.197149 0.000000 0.000000 0.000000 1.000000
0.912006 -0.108935 -0.395447 10.209089 -0.088623 0.888985 -0.449279 76.064926 0.400489 0.444791 0.801105 -7.283730 0.000000 0.000000 0.000000 1.000000
0.892377 -0.134487 -0.430785 10.445198 -0.044751 0.923489 -0.381007 78.703384 0.449066 0.359280 0.818082 -6.000298 0.000000 0.000000 0.000000 1.000000
0.874910 -0.157960 -0.457801 10.349188 0.012448 0.952334 -0.304804 82.410980 0.484126 0.260977 0.835172 -4.534223 0.000000 0.000000 0.000000 1.000000
0.876049 -0.163959 -0.453492 9.729287 0.065155 0.972044 -0.225576 87.389191 0.477800 0.168069 0.862241 -3.282887 0.000000 0.000000 0.000000 1.000000
0.905904 -0.144622 -0.398024 8.585940 0.091565 0.984539 -0.149329 93.551605 0.413466 0.098833 0.905140 -2.432519 0.000000 0.000000 0.000000 1.000000
0.952887 -0.114636 -0.280831 6.932517 0.093332 0.991726 -0.088142 100.280518 0.288611 0.057779 0.955701 -1.903263 0.000000 0.000000 0.000000 1.000000
0.988446 -0.095445 -0.117750 5.024524 0.088915 0.994259 -0.059529 106.531570 0.122756 0.048372 0.991257 -1.741385 0.000000 0.000000 0.000000 1.000000
0.995077 -0.088244 0.045115 3.465617 0.091348 0.993203 -0.072128 111.402992 -0.038444 0.075894 0.996375 -2.251296 0.000000 0.000000 0.000000 1.000000
0.988560 -0.040852 0.145189 3.057056 0.057898 0.991655 -0.115192 116.385857 -0.139271 0.122280 0.982675 -3.620166 0.000000 0.000000 0.000000 1.000000
0.985010 0.006540 0.172375 3.287663 0.022668 0.985708 -0.166930 120.051605 -0.171003 0.168335 0.970784 -5.368590 0.000000 0.000000 0.000000 1.000000
0.986440 0.042668 0.158477 3.624292 -0.008099 0.977093 -0.212659 122.159431 -0.163921 0.208492 0.964189 -6.684620 0.000000 0.000000 0.000000 1.000000
0.988373 0.068264 0.135864 3.867794 -0.032260 0.967357 -0.251355 123.937752 -0.148587 0.244050 0.958312 -7.640491 0.000000 0.000000 0.000000 1.000000
0.989599 0.082700 0.117708 3.995958 -0.046117 0.957431 -0.284954 125.526398 -0.136263 0.276562 0.951286 -8.516941 0.000000 0.000000 0.000000 1.000000
0.991075 0.090172 0.098183 4.135911 -0.056144 0.950349 -0.306080 126.322281 -0.120908 0.297836 0.946929 -8.993315 0.000000 0.000000 0.000000 1.000000
0.992931 0.095298 0.070758 4.400556 -0.069493 0.950028 -0.304332 125.705940 -0.096224 0.297263 0.949934 -8.717063 0.000000 0.000000 0.000000 1.000000
0.994456 0.099097 0.035177 4.825477 -0.085370 0.956149 -0.280161 123.792740 -0.061397 0.275605 0.959308 -7.819473 0.000000 0.000000 0.000000 1.000000
0.994767 0.102154 -0.001978 5.493074 -0.099494 0.964106 -0.246174 121.272041 -0.023241 0.245082 0.969224 -6.686702 0.000000 0.000000 0.000000 1.000000
0.993961 0.105282 -0.030951 6.438169 -0.109469 0.970981 -0.212632 118.590012 0.007666 0.214736 0.976642 -5.289290 0.000000 0.000000 0.000000 1.000000
0.992836 0.110792 -0.044751 7.483917 -0.117005 0.977400 -0.176066 115.266724 0.024233 0.180041 0.983361 -3.087902 0.000000 0.000000 0.000000 1.000000
0.992146 0.120290 -0.034312 8.191572 -0.123761 0.983816 -0.129572 110.486504 0.018170 0.132801 0.990976 -0.144765 0.000000 0.000000 0.000000 1.000000
0.991317 0.130965 0.011789 8.042974 -0.129551 0.988088 -0.083059 104.435028 -0.022527 0.080811 0.996475 2.506387 0.000000 0.000000 0.000000 1.000000
0.985168 0.143203 0.094532 6.778884 -0.137847 0.988575 -0.060971 98.118385 -0.102183 0.047035 0.993653 3.922454 0.000000 0.000000 0.000000 1.000000
0.966347 0.167547 0.195198 4.753494 -0.155175 0.984870 -0.077150 92.183594 -0.205171 0.044263 0.977725 3.913982 0.000000 0.000000 0.000000 1.000000
0.941243 0.199482 0.272524 2.975767 -0.173071 0.977816 -0.117990 87.270683 -0.290015 0.063891 0.954887 3.027176 0.000000 0.000000 0.000000 1.000000
0.930372 0.215925 0.296283 1.960985 -0.175898 0.971968 -0.156005 84.487717 -0.321663 0.093027 0.942273 1.737388 0.000000 0.000000 0.000000 1.000000
0.936683 0.208989 0.280978 1.379838 -0.164032 0.970768 -0.175222 83.828339 -0.309384 0.118038 0.943583 0.290231 0.000000 0.000000 0.000000 1.000000
0.944389 0.194474 0.265159 0.895757 -0.149991 0.972359 -0.178945 84.607689 -0.292629 0.129223 0.947454 -0.975824 0.000000 0.000000 0.000000 1.000000
0.945098 0.187085 0.267933 0.481615 -0.141776 0.973464 -0.179629 86.325935 -0.294429 0.131781 0.946544 -1.986229 0.000000 0.000000 0.000000 1.000000
0.944845 0.183172 0.271507 0.266541 -0.136275 0.973686 -0.182662 88.524902 -0.297821 0.135588 0.944944 -2.802909 0.000000 0.000000 0.000000 1.000000
0.953048 0.172951 0.248572 0.362166 -0.129146 0.974603 -0.182950 90.880127 -0.273901 0.142258 0.951179 -3.421895 0.000000 0.000000 0.000000 1.000000
0.967937 0.154023 0.198432 0.678090 -0.120255 0.977680 -0.172280 93.100655 -0.220538 0.142893 0.964855 -3.751338 0.000000 0.000000 0.000000 1.000000
0.979921 0.133964 0.147677 0.968117 -0.111879 0.982504 -0.148892 94.866364 -0.165040 0.129380 0.977764 -3.767015 0.000000 0.000000 0.000000 1.000000
0.985714 0.119627 0.118560 1.076066 -0.105452 0.987232 -0.119385 96.015823 -0.131328 0.105177 0.985744 -3.633745 0.000000 0.000000 0.000000 1.000000
0.988048 0.110566 0.107407 1.068690 -0.100983 0.990726 -0.090913 96.641769 -0.116463 0.078980 0.990050 -3.514047 0.000000 0.000000 0.000000 1.000000
0.990028 0.103763 0.095281 1.093221 -0.097774 0.993049 -0.065527 96.980042 -0.101419 0.055558 0.993291 -3.419237 0.000000 0.000000 0.000000 1.000000
0.992800 0.096923 0.070384 1.172573 -0.094135 0.994677 -0.041910 97.225204 -0.074072 0.034983 0.996639 -3.281925 0.000000 0.000000 0.000000 1.000000
0.995283 0.089714 0.036929 1.225906 -0.089042 0.995838 -0.019464 97.437073 -0.038522 0.016084 0.999128 -3.071152 0.000000 0.000000 0.000000 1.000000
0.996468 0.083630 0.007562 1.216973 -0.083641 0.996495 0.001160 97.613159 -0.007439 -0.001788 0.999971 -2.828967 0.000000 0.000000 0.000000 1.000000
0.996740 0.078850 -0.017086 1.186254 -0.078544 0.996750 0.017869 97.809578 0.018439 -0.016468 0.999694 -2.556531 0.000000 0.000000 0.000000 1.000000
0.996548 0.075130 -0.035319 1.144212 -0.074126 0.996829 0.028927 98.061981 0.037380 -0.026209 0.998957 -2.242850 0.000000 0.000000 0.000000 1.000000
0.996091 0.071826 -0.051408 1.096953 -0.069914 0.996826 0.038073 98.333878 0.053980 -0.034330 0.997952 -1.914083 0.000000 0.000000 0.000000 1.000000
0.995430 0.068795 -0.066236 1.045740 -0.065822 0.996767 0.046080 98.603676 0.069192 -0.041509 0.996739 -1.581743 0.000000 0.000000 0.000000 1.000000
0.994553 0.065972 -0.080700 0.991837 -0.061754 0.996646 0.053697 98.849770 0.083972 -0.048421 0.995291 -1.257345 0.000000 0.000000 0.000000 1.000000
0.993967 0.063186 -0.089653 0.912117 -0.058193 0.996662 0.057259 98.944801 0.092972 -0.051697 0.994326 -0.973579 0.000000 0.000000 0.000000 1.000000
0.993897 0.062392 -0.090971 0.758973 -0.057123 0.996598 0.059416 98.967590 0.094368 -0.053857 0.994079 -0.753601 0.000000 0.000000 0.000000 1.000000
0.993907 0.061874 -0.091215 0.595487 -0.056404 0.996520 0.061380 98.980209 0.094695 -0.055861 0.993938 -0.542607 0.000000 0.000000 0.000000 1.000000
0.993949 0.061466 -0.091030 0.427864 -0.055825 0.996434 0.063267 98.988754 0.094594 -0.057802 0.993836 -0.335207 0.000000 0.000000 0.000000 1.000000
0.993975 0.061004 -0.091062 0.262309 -0.055177 0.996346 0.065191 98.999344 0.094707 -0.059774 0.993709 -0.126011 0.000000 0.000000 0.000000 1.000000</float_array><technique_common><accessor source="#mixamorig_Hips-Matrix-animation-output-transform-array" count="66" stride="16"><param type="float4x4"/></accessor></technique_common></source><source id="mixamorig_Hips-Interpolations"><Name_array id="mixamorig_Hips-Interpolations-array" count="66">
 LINEAR LINEAR LINEAR LINEAR LINEAR LINEAR LINEAR LINEAR LINEAR LINEAR LINEAR
LINEAR LINEAR LINEAR LINEAR LINEAR LINEAR LINEAR LINEAR LINEAR LINEAR LINEAR LINEAR
LINEAR LINEAR LINEAR LINEAR LINEAR LINEAR LINEAR LINEAR LINEAR LINEAR LINEAR LINEAR
LINEAR LINEAR LINEAR LINEAR LINEAR LINEAR LINEAR LINEAR LINEAR LINEAR LINEAR LINEAR
LINEAR LINEAR LINEAR LINEAR LINEAR LINEAR LINEAR LINEAR LINEAR LINEAR LINEAR LINEAR
LINEAR LINEAR LINEAR LINEAR LINEAR LINEAR LINEAR</Name_array><technique_common><accessor source="#mixamorig_Hips-Interpolations-array" count="66"><param type="name"/></accessor></technique_common></source><sampler id="mixamorig_Hips-Matrix-animation-transform"><input semantic="INPUT" source="#mixamorig_Hips-Matrix-animation-input"/><input semantic="OUTPUT" source="#mixamorig_Hips-Matrix-animation-output-transform"/><input semantic="INTERPOLATION" source="#mixamorig_Hips-Interpolations"/></sampler><channel source="#mixamorig_Hips-Matrix-animation-transform" target="mixamorig_Hips/matrix"/></animation>
    <animation id="mixamorig_Spine-anim" name="mixamorig_Spine"><source id="mixamorig_Spine-Matrix-animation-input"><float_array id="mixamorig_Spine-Matrix-animation-input-array" count="66">

0.000000 0.033333 0.066667 0.100000 0.133333 0.166667 0.200000 0.233333 0.266667 0.300000 0.333333 0.366667 0.400000 0.433333 0.466667 0.500000
0.533333 0.566667 0.600000 0.633333 0.666667 0.700000 0.733333 0.766667 0.800000 0.833333 0.866667 0.900000 0.933333 0.966667 1.000000 1.033333
1.066667 1.100000 1.133333 1.166667 1.200000 1.233333 1.266667 1.300000 1.333333 1.366667 1.400000 1.433333 1.466667 1.500000 1.533333 1.566667
1.600000 1.633333 1.666667 1.700000 1.733333 1.766667 1.800000 1.833333 1.866667 1.900000 1.933333 1.966667 2.000000 2.033333 2.066667 2.100000
2.133333 2.166667</float_array><technique_common><accessor source="#mixamorig_Spine-Matrix-animation-input-array" count="66"><param name="TIME" type="float"/></accessor></technique_common></source><source id="mixamorig_Spine-Matrix-animation-output-transform"><float_array id="mixamorig_Spine-Matrix-animation-output-transform-array" count="1056">

0.998701 -0.043337 0.026786 0.000000 0.044822 0.997333 -0.057605 9.923500 -0.024218 0.058731 0.997980 -1.227300 0.000000 0.000000 0.000000 1.000000
0.998572 -0.044808 0.029102 0.000000 0.046484 0.997131 -0.059744 9.923500 -0.026341 0.061012 0.997789 -1.227300 0.000000 0.000000 0.000000 1.000000
0.998435 -0.046269 0.031424 0.000000 0.048146 0.996922 -0.061875 9.923500 -0.028465 0.063291 0.997589 -1.227300 0.000000 0.000000 0.000000 1.000000
0.998348 -0.047400 0.032487 0.000000 0.049418 0.996698 -0.064429 9.923500 -0.029326 0.065928 0.997393 -1.227300 0.000000 0.000000 0.000000 1.000000
0.998380 -0.048072 0.030439 0.000000 0.050053 0.996425 -0.068058 9.923500 -0.027059 0.069472 0.997217 -1.227300 0.000000 0.000000 0.000000 1.000000
0.998500 -0.047738 0.026813 -0.000000 0.049565 0.996159 -0.072186 9.923500 -0.023264 0.073406 0.997031 -1.227300 0.000000 0.000000 0.000000 1.000000
0.998771 -0.043893 0.023016 -0.000000 0.045529 0.996058 -0.076128 9.923500 -0.019584 0.077083 0.996832 -1.227300 0.000000 0.000000 0.000000 1.000000
0.999260 -0.034512 0.016993 0.000000 0.035802 0.995935 -0.082655 9.923500 -0.014072 0.083202 0.996433 -1.227300 0.000000 0.000000 0.000000 1.000000
0.999673 -0.023934 0.008989 -0.000000 0.024652 0.995553 -0.090915 9.923500 -0.006773 0.091107 0.995818 -1.227300 0.000000 0.000000 0.000000 1.000000
0.999898 -0.012835 -0.006303 0.000000 0.012098 0.994337 -0.105584 9.923500 0.007623 0.105497 0.994390 -1.227300 0.000000 0.000000 0.000000 1.000000
0.999582 -0.007208 -0.027989 -0.000000 0.003648 0.992121 -0.125228 9.923500 0.028671 0.125074 0.991733 -1.227300 0.000000 0.000000 0.000000 1.000000
0.998612 -0.009540 -0.051793 0.000000 0.001833 0.989156 -0.146858 9.923500 0.052632 0.146560 0.987801 -1.227300 0.000000 0.000000 0.000000 1.000000
0.997340 -0.018026 -0.070629 -0.000000 0.006069 0.986111 -0.165974 9.923500 0.072640 0.165104 0.983598 -1.227300 0.000000 0.000000 0.000000 1.000000
0.996439 -0.027943 -0.079553 -0.000000 0.013288 0.983741 -0.179101 9.923500 0.083264 0.177407 0.980609 -1.227300 0.000000 0.000000 0.000000 1.000000
0.996186 -0.035587 -0.079670 0.000000 0.020226 0.982362 -0.185892 9.923500 0.084880 0.183572 0.979335 -1.227300 0.000000 0.000000 0.000000 1.000000
0.996227 -0.040977 -0.076508 0.000000 0.025918 0.981763 -0.188333 9.923500 0.082830 0.185639 0.979121 -1.227300 0.000000 0.000000 0.000000 1.000000
0.996153 -0.046706 -0.074150 -0.000000 0.032056 0.981701 -0.187710 9.923500 0.081560 0.184610 0.979422 -1.227300 0.000000 0.000000 0.000000 1.000000
0.995999 -0.053436 -0.071622 -0.000000 0.039534 0.982297 -0.183112 9.923500 0.080139 0.179548 0.980480 -1.227300 0.000000 0.000000 0.000000 1.000000
0.996360 -0.057208 -0.063201 0.000000 0.045514 0.983863 -0.173038 9.923500 0.072080 0.169532 0.982885 -1.227300 0.000000 0.000000 0.000000 1.000000
0.997760 -0.051467 -0.042740 0.000000 0.044140 0.986530 -0.157515 9.923500 0.050271 0.155276 0.986591 -1.227300 0.000000 0.000000 0.000000 1.000000
0.999332 -0.035658 -0.007975 0.000000 0.034203 0.989672 -0.139213 9.923500 0.012856 0.138847 0.990230 -1.227300 0.000000 0.000000 0.000000 1.000000
0.999366 -0.015209 0.032177 0.000000 0.019044 0.992292 -0.122451 9.923500 -0.030067 0.122986 0.991953 -1.227300 0.000000 0.000000 0.000000 1.000000
0.998206 0.006534 0.059524 0.000000 0.000082 0.993877 -0.110488 9.923500 -0.059881 0.110295 0.992093 -1.227300 0.000000 0.000000 0.000000 1.000000
0.997759 0.035751 0.056554 0.000000 -0.029690 0.994072 -0.104594 9.923500 -0.059958 0.102681 0.992906 -1.227300 0.000000 0.000000 0.000000 1.000000
0.996853 0.076281 0.021554 -0.000000 -0.073566 0.991554 -0.106813 9.923500 -0.029520 0.104891 0.994045 -1.227300 0.000000 0.000000 0.000000 1.000000
0.993454 0.111140 -0.026404 0.000000 -0.113534 0.986170 -0.120741 9.923500 0.012619 0.122948 0.992333 -1.227300 0.000000 0.000000 0.000000 1.000000
0.991439 0.114673 -0.062433 0.000000 -0.122862 0.981194 -0.148871 9.923500 0.044188 0.155267 0.986884 -1.227300 0.000000 0.000000 0.000000 1.000000
0.992718 0.090815 -0.079145 -0.000000 -0.104273 0.976797 -0.187069 9.923500 0.060320 0.193960 0.979153 -1.227300 0.000000 0.000000 0.000000 1.000000
0.994787 0.060197 -0.082306 -0.000000 -0.077270 0.971697 -0.223237 9.923500 0.066538 0.228433 0.971283 -1.227300 0.000000 0.000000 0.000000 1.000000
0.996454 0.037439 -0.075355 -0.000000 -0.054898 0.967961 -0.245027 9.923500 0.063767 0.248295 0.966583 -1.227300 0.000000 0.000000 0.000000 1.000000
0.998127 0.024538 -0.056043 0.000000 -0.037757 0.967847 -0.248689 9.923500 0.048138 0.250339 0.966961 -1.227300 0.000000 0.000000 0.000000 1.000000
0.999572 0.016699 -0.024003 0.000000 -0.021983 0.970448 -0.240306 9.923500 0.019280 0.240731 0.970400 -1.227300 0.000000 0.000000 0.000000 1.000000
0.999864 0.008823 0.013948 0.000000 -0.005393 0.973385 -0.229114 9.923500 -0.015598 0.229007 0.973300 -1.227300 0.000000 0.000000 0.000000 1.000000
0.998807 -0.002905 0.048738 0.000000 0.013530 0.975606 -0.219112 9.923500 -0.046913 0.219510 0.974482 -1.227300 0.000000 0.000000 0.000000 1.000000
0.997061 -0.020765 0.073739 0.000000 0.035676 0.977672 -0.207088 9.923500 -0.067792 0.209110 0.975539 -1.227300 0.000000 0.000000 0.000000 1.000000
0.995018 -0.044884 0.089019 0.000000 0.061083 0.980162 -0.188553 9.923500 -0.078790 0.193051 0.978020 -1.227300 0.000000 0.000000 0.000000 1.000000
0.992595 -0.069641 0.099529 -0.000000 0.085404 0.982740 -0.164096 9.923500 -0.086383 0.171381 0.981410 -1.227300 0.000000 0.000000 0.000000 1.000000
0.990923 -0.081858 0.106637 -0.000000 0.096464 0.985452 -0.139926 9.923500 -0.093632 0.148943 0.984403 -1.227300 0.000000 0.000000 0.000000 1.000000
0.991571 -0.074010 0.106342 -0.000000 0.086938 0.988644 -0.122578 9.923500 -0.096063 0.130790 0.986745 -1.227300 0.000000 0.000000 0.000000 1.000000
0.993987 -0.054251 0.095119 0.000000 0.065088 0.991253 -0.114805 9.923500 -0.088059 0.120306 0.988824 -1.227300 0.000000 0.000000 0.000000 1.000000
0.996107 -0.037634 0.079719 0.000000 0.046729 0.992210 -0.115483 9.923500 -0.074752 0.118758 0.990105 -1.227300 0.000000 0.000000 0.000000 1.000000
0.996823 -0.029096 0.074144 0.000000 0.037944 0.991944 -0.120860 9.923500 -0.070030 0.123289 0.989897 -1.227300 0.000000 0.000000 0.000000 1.000000
0.996188 -0.023348 0.084051 -0.000000 0.033918 0.991373 -0.126610 9.923500 -0.080370 0.128978 0.988385 -1.227300 0.000000 0.000000 0.000000 1.000000
0.994956 -0.016212 0.098992 -0.000000 0.029077 0.991096 -0.129933 9.923500 -0.096004 0.132156 0.986569 -1.227300 0.000000 0.000000 0.000000 1.000000
0.994588 -0.012619 0.103133 0.000000 0.026023 0.991214 -0.129682 9.923500 -0.100590 0.131664 0.986178 -1.227300 0.000000 0.000000 0.000000 1.000000
0.995521 -0.018045 0.092807 -0.000000 0.029688 0.991630 -0.125652 9.923500 -0.089762 0.127844 0.987724 -1.227300 0.000000 0.000000 0.000000 1.000000
0.996470 -0.027321 0.079381 -0.000000 0.036643 0.992283 -0.118460 9.923500 -0.075532 0.120950 0.989781 -1.227300 0.000000 0.000000 0.000000 1.000000
0.996599 -0.031886 0.075982 0.000000 0.040106 0.993205 -0.109246 9.923500 -0.071982 0.111922 0.991106 -1.227300 0.000000 0.000000 0.000000 1.000000
0.996081 -0.029964 0.083214 0.000000 0.038199 0.994334 -0.099198 9.923500 -0.079770 0.101988 0.991582 -1.227300 0.000000 0.000000 0.000000 1.000000
0.995581 -0.026324 0.090146 0.000000 0.034390 0.995426 -0.089134 9.923500 -0.087388 0.091840 0.991932 -1.227300 0.000000 0.000000 0.000000 1.000000
0.995857 -0.025192 0.087369 0.000000 0.032189 0.996305 -0.079626 9.923500 -0.085041 0.082108 0.992989 -1.227300 0.000000 0.000000 0.000000 1.000000
0.996720 -0.027218 0.076215 0.000000 0.032698 0.996897 -0.071608 9.923500 -0.074029 0.073865 0.994517 -1.227300 0.000000 0.000000 0.000000 1.000000
0.997381 -0.031186 0.065258 0.000000 0.035532 0.997152 -0.066526 9.923500 -0.062997 0.068670 0.995648 -1.227300 0.000000 0.000000 0.000000 1.000000
0.997532 -0.035740 0.060433 0.000000 0.039675 0.997082 -0.065224 9.923500 -0.057926 0.067461 0.996039 -1.227300 0.000000 0.000000 0.000000 1.000000
0.997394 -0.039729 0.060222 0.000000 0.043745 0.996801 -0.066891 9.923500 -0.057371 0.069351 0.995941 -1.227300 0.000000 0.000000 0.000000 1.000000
0.997396 -0.042455 0.058305 0.000000 0.046507 0.996463 -0.069986 9.923500 -0.055127 0.072515 0.995843 -1.227300 0.000000 0.000000 0.000000 1.000000
0.997474 -0.044203 0.055608 0.000000 0.048145 0.996266 -0.071671 9.923500 -0.052232 0.074167 0.995877 -1.227300 0.000000 0.000000 0.000000 1.000000
0.997635 -0.044753 0.052171 0.000000 0.048374 0.996349 -0.070341 9.923500 -0.048832 0.072698 0.996158 -1.227300 0.000000 0.000000 0.000000 1.000000
0.997820 -0.044857 0.048413 -0.000000 0.048101 0.996521 -0.068059 9.923500 -0.045192 0.070239 0.996506 -1.227300 0.000000 0.000000 0.000000 1.000000
0.998001 -0.044744 0.044629 0.000000 0.047610 0.996725 -0.065362 9.923500 -0.041558 0.067356 0.996863 -1.227300 0.000000 0.000000 0.000000 1.000000
0.998156 -0.044652 0.041108 0.000000 0.047182 0.996911 -0.062791 9.923500 -0.038177 0.064615 0.997180 -1.227300 0.000000 0.000000 0.000000 1.000000
0.998249 -0.044341 0.039150 -0.000000 0.046645 0.997105 -0.060057 9.923500 -0.036373 0.061778 0.997427 -1.227300 0.000000 0.000000 0.000000 1.000000
0.998372 -0.044088 0.036186 0.000000 0.046181 0.997177 -0.059209 9.923500 -0.033474 0.060784 0.997590 -1.227300 0.000000 0.000000 0.000000 1.000000
0.998491 -0.043839 0.033081 0.000000 0.045727 0.997232 -0.058624 9.923500 -0.030420 0.060048 0.997732 -1.227300 0.000000 0.000000 0.000000 1.000000
0.998601 -0.043591 0.029919 0.000000 0.045276 0.997281 -0.058143 9.923500 -0.027303 0.059416 0.997860 -1.227300 0.000000 0.000000 0.000000 1.000000
0.998701 -0.043337 0.026786 -0.000000 0.044822 0.997333 -0.057605 9.923500 -0.024218 0.058731 0.997980 -1.227300 0.000000 0.000000 0.000000 1.000000</float_array><technique_common><accessor source="#mixamorig_Spine-Matrix-animation-output-transform-array" count="66" stride="16"><param type="float4x4"/></accessor></technique_common></source><source id="mixamorig_Spine-Interpolations"><Name_array id="mixamorig_Spine-Interpolations-array" count="66">
 LINEAR LINEAR LINEAR LINEAR LINEAR LINEAR LINEAR LINEAR LINEAR LINEAR LINEAR
LINEAR LINEAR LINEAR LINEAR LINEAR LINEAR LINEAR LINEAR LINEAR LINEAR LINEAR LINEAR
LINEAR LINEAR LINEAR LINEAR LINEAR LINEAR LINEAR LINEAR LINEAR LINEAR LINEAR LINEAR
LINEAR LINEAR LINEAR LINEAR LINEAR LINEAR LINEAR LINEAR LINEAR LINEAR LINEAR LINEAR
LINEAR LINEAR LINEAR LINEAR LINEAR LINEAR LINEAR LINEAR LINEAR LINEAR LINEAR LINEAR
LINEAR LINEAR LINEAR LINEAR LINEAR LINEAR LINEAR</Name_array><technique_common><accessor source="#mixamorig_Spine-Interpolations-array" count="66"><param type="name"/></accessor></technique_common></source><sampler id="mixamorig_Spine-Matrix-animation-transform"><input semantic="INPUT" source="#mixamorig_Spine-Matrix-animation-input"/><input semantic="OUTPUT" source="#mixamorig_Spine-Matrix-animation-output-transform"/><input semantic="INTERPOLATION" source="#mixamorig_Spine-Interpolations"/></sampler><channel source="#mixamorig_Spine-Matrix-animation-transform" target="mixamorig_Spine/matrix"/></animation>
    <animation id="mixamorig_Spine1-anim" name="mixamorig_Spine1"><source id="mixamorig_Spine1-Matrix-animation-input"><float_array id="mixamorig_Spine1-Matrix-animation-input-array" count="66">

0.000000 0.033333 0.066667 0.100000 0.133333 0.166667 0.200000 0.233333 0.266667 0.300000 0.333333 0.366667 0.400000 0.433333 0.466667 0.500000
0.533333 0.566667 0.600000 0.633333 0.666667 0.700000 0.733333 0.766667 0.800000 0.833333 0.866667 0.900000 0.933333 0.966667 1.000000 1.033333
1.066667 1.100000 1.133333 1.166667 1.200000 1.233333 1.266667 1.300000 1.333333 1.366667 1.400000 1.433333 1.466667 1.500000 1.533333 1.566667
1.600000 1.633333 1.666667 1.700000 1.733333 1.766667 1.800000 1.833333 1.866667 1.900000 1.933333 1.966667 2.000000 2.033333 2.066667 2.100000
2.133333 2.166667</float_array><technique_common><accessor source="#mixamorig_Spine1-Matrix-animation-input-array" count="66"><param name="TIME" type="float"/></accessor></technique_common></source><source id="mixamorig_Spine1-Matrix-animation-output-transform"><float_array id="mixamorig_Spine1-Matrix-animation-output-transform-array" count="1056">

0.999615 -0.027098 0.005925 -0.000100 0.027212 0.999428 -0.020103 11.645400 -0.005376 0.020256 0.999780 -1.422300 0.000000 0.000000 0.000000 1.000000
0.999599 -0.027573 0.006421 -0.000100 0.027702 0.999396 -0.020970 11.645400 -0.005839 0.021139 0.999759 -1.422300 0.000000 0.000000 0.000000 1.000000
0.999583 -0.028048 0.006918 -0.000100 0.028193 0.999364 -0.021836 11.645400 -0.006301 0.022022 0.999738 -1.422300 0.000000 0.000000 0.000000 1.000000
0.999570 -0.028487 0.006882 -0.000100 0.028638 0.999327 -0.022912 11.645400 -0.006225 0.023100 0.999714 -1.422300 0.000000 0.000000 0.000000 1.000000
0.999566 -0.028926 0.005537 -0.000100 0.029054 0.999278 -0.024491 11.645400 -0.004824 0.024641 0.999685 -1.422300 0.000000 0.000000 0.000000 1.000000
0.999569 -0.029161 0.003523 -0.000100 0.029244 0.999225 -0.026363 11.645400 -0.002752 0.026454 0.999646 -1.422300 0.000000 0.000000 0.000000 1.000000
0.999594 -0.028473 0.001426 -0.000100 0.028502 0.999190 -0.028421 11.645400 -0.000615 0.028451 0.999595 -1.422300 0.000000 0.000000 0.000000 1.000000
0.999653 -0.026306 -0.001321 -0.000100 0.026251 0.999157 -0.031573 11.645400 0.002151 0.031527 0.999501 -1.422300 0.000000 0.000000 0.000000 1.000000
0.999706 -0.023783 -0.004644 -0.000100 0.023604 0.999095 -0.035379 11.645400 0.005481 0.035259 0.999363 -1.422300 0.000000 0.000000 0.000000 1.000000
0.999730 -0.020925 -0.010152 -0.000100 0.020488 0.998932 -0.041403 11.645400 0.011007 0.041183 0.999091 -1.422300 0.000000 0.000000 0.000000 1.000000
0.999670 -0.019058 -0.017212 -0.000100 0.018194 0.998632 -0.049027 11.645400 0.018123 0.048698 0.998649 -1.422300 0.000000 0.000000 0.000000 1.000000
0.999558 -0.018556 -0.023211 -0.000100 0.017205 0.998219 -0.057124 11.645400 0.024229 0.056699 0.998097 -1.422300 0.000000 0.000000 0.000000 1.000000
0.999528 -0.018753 -0.024332 -0.000100 0.017160 0.997794 -0.064132 11.645400 0.025481 0.063684 0.997645 -1.422300 0.000000 0.000000 0.000000 1.000000
0.999641 -0.018518 -0.019356 -0.000100 0.017141 0.997470 -0.068996 11.645400 0.020585 0.068640 0.997429 -1.422300 0.000000 0.000000 0.000000 1.000000
0.999775 -0.017468 -0.012023 -0.000100 0.016561 0.997286 -0.071743 11.645400 0.013244 0.071527 0.997351 -1.422300 0.000000 0.000000 0.000000 1.000000
0.999833 -0.016614 -0.007584 -0.000100 0.016018 0.997215 -0.072835 11.645400 0.008773 0.072702 0.997315 -1.422300 0.000000 0.000000 0.000000 1.000000
0.999813 -0.017728 -0.007791 -0.000100 0.017120 0.997248 -0.072133 11.645400 0.009048 0.071986 0.997365 -1.422300 0.000000 0.000000 0.000000 1.000000
0.999697 -0.021880 -0.011258 -0.000100 0.021050 0.997377 -0.069258 11.645400 0.012743 0.069000 0.997535 -1.422300 0.000000 0.000000 0.000000 1.000000
0.999492 -0.027879 -0.015449 -0.000100 0.026824 0.997540 -0.064769 11.645400 0.017216 0.064322 0.997781 -1.422300 0.000000 0.000000 0.000000 1.000000
0.999354 -0.032305 -0.015750 -0.000100 0.031309 0.997717 -0.059840 11.645400 0.017647 0.059308 0.998084 -1.422300 0.000000 0.000000 0.000000 1.000000
0.999441 -0.032517 -0.007815 -0.000100 0.032040 0.997975 -0.054956 11.645400 0.009586 0.054675 0.998458 -1.422300 0.000000 0.000000 0.000000 1.000000
0.999562 -0.028981 0.005971 -0.000100 0.029242 0.998338 -0.049654 11.645400 -0.004522 0.049807 0.998749 -1.422300 0.000000 0.000000 0.000000 1.000000
0.999600 -0.023081 0.016338 -0.000100 0.023772 0.998772 -0.043474 11.645400 -0.015315 0.043845 0.998921 -1.422300 0.000000 0.000000 0.000000 1.000000
0.999772 -0.014483 0.015696 -0.000100 0.015059 0.999193 -0.037224 11.645400 -0.015144 0.037451 0.999184 -1.422300 0.000000 0.000000 0.000000 1.000000
0.999980 -0.003257 0.005486 -0.000100 0.003439 0.999432 -0.033514 11.645400 -0.005374 0.033532 0.999423 -1.422300 0.000000 0.000000 0.000000 1.000000
0.999959 0.007327 -0.005246 -0.000100 -0.007509 0.999337 -0.035635 11.645400 0.004982 0.035673 0.999351 -1.422300 0.000000 0.000000 0.000000 1.000000
0.999875 0.013464 -0.008263 -0.000100 -0.013823 0.998887 -0.045095 11.645400 0.007647 0.045203 0.998949 -1.422300 0.000000 0.000000 0.000000 1.000000
0.999882 0.015002 -0.003442 -0.000100 -0.015181 0.998096 -0.059775 11.645400 0.002539 0.059821 0.998206 -1.422300 0.000000 0.000000 0.000000 1.000000
0.999894 0.014302 0.002767 -0.000100 -0.014056 0.997107 -0.074703 11.645400 -0.003828 0.074656 0.997202 -1.422300 0.000000 0.000000 0.000000 1.000000
0.999903 0.012641 0.005826 -0.000100 -0.012099 0.996291 -0.085188 11.645400 -0.006881 0.085109 0.996348 -1.422300 0.000000 0.000000 0.000000 1.000000
0.999927 0.009354 0.007666 -0.000100 -0.008631 0.995953 -0.089462 11.645400 -0.008472 0.089389 0.995961 -1.422300 0.000000 0.000000 0.000000 1.000000
0.999915 0.003467 0.012539 -0.000100 -0.002339 0.996036 -0.088921 11.645400 -0.012797 0.088884 0.995960 -1.422300 0.000000 0.000000 0.000000 1.000000
0.999765 -0.004756 0.021133 -0.000100 0.006564 0.996245 -0.086335 11.645400 -0.020643 0.086453 0.996042 -1.422300 0.000000 0.000000 0.000000 1.000000
0.999445 -0.013884 0.030269 -0.000100 0.016362 0.996398 -0.083209 11.645400 -0.029004 0.083658 0.996072 -1.422300 0.000000 0.000000 0.000000 1.000000
0.999066 -0.022393 0.036955 -0.000100 0.025240 0.996597 -0.078469 11.645400 -0.035072 0.079329 0.996231 -1.422300 0.000000 0.000000 0.000000 1.000000
0.998730 -0.029109 0.041128 -0.000100 0.031950 0.997021 -0.070197 11.645400 -0.038962 0.071422 0.996685 -1.422300 0.000000 0.000000 0.000000 1.000000
0.998461 -0.032928 0.044630 -0.000100 0.035533 0.997631 -0.058899 11.645400 -0.042584 0.060394 0.997266 -1.422300 0.000000 0.000000 0.000000 1.000000
0.998281 -0.032983 0.048453 -0.000100 0.035330 0.998202 -0.048414 11.645400 -0.046769 0.050043 0.997651 -1.422300 0.000000 0.000000 0.000000 1.000000
0.998252 -0.029596 0.051159 -0.000100 0.031803 0.998574 -0.042880 11.645400 -0.049817 0.044432 0.997770 -1.422300 0.000000 0.000000 0.000000 1.000000
0.998425 -0.024786 0.050335 -0.000100 0.026965 0.998707 -0.043088 11.645400 -0.049202 0.044377 0.997802 -1.422300 0.000000 0.000000 0.000000 1.000000
0.998708 -0.021026 0.046267 -0.000100 0.023167 0.998662 -0.046225 11.645400 -0.045234 0.047238 0.997859 -1.422300 0.000000 0.000000 0.000000 1.000000
0.998900 -0.018993 0.042874 -0.000100 0.021083 0.998585 -0.048816 11.645400 -0.041886 0.049666 0.997887 -1.422300 0.000000 0.000000 0.000000 1.000000
0.998921 -0.017391 0.043064 -0.000100 0.019522 0.998579 -0.049579 11.645400 -0.042140 0.050366 0.997841 -1.422300 0.000000 0.000000 0.000000 1.000000
0.998897 -0.015647 0.044269 -0.000100 0.017829 0.998623 -0.049332 11.645400 -0.043436 0.050067 0.997801 -1.422300 0.000000 0.000000 0.000000 1.000000
0.999044 -0.015292 0.040960 -0.000100 0.017283 0.998664 -0.048704 11.645400 -0.040160 0.049365 0.997973 -1.422300 0.000000 0.000000 0.000000 1.000000
0.999346 -0.017484 0.031641 -0.000100 0.018964 0.998710 -0.047095 11.645400 -0.030777 0.047665 0.998389 -1.422300 0.000000 0.000000 0.000000 1.000000
0.999554 -0.020854 0.021376 -0.000100 0.021776 0.998799 -0.043881 11.645400 -0.020435 0.044327 0.998808 -1.422300 0.000000 0.000000 0.000000 1.000000
0.999600 -0.023113 0.016321 -0.000100 0.023742 0.998938 -0.039488 11.645400 -0.015391 0.039859 0.999087 -1.422300 0.000000 0.000000 0.000000 1.000000
0.999573 -0.023600 0.017227 -0.000100 0.024191 0.999097 -0.034933 11.645400 -0.016387 0.035335 0.999241 -1.422300 0.000000 0.000000 0.000000 1.000000
0.999535 -0.023274 0.019712 -0.000100 0.023876 0.999238 -0.030874 11.645400 -0.018978 0.031330 0.999329 -1.422300 0.000000 0.000000 0.000000 1.000000
0.999538 -0.023142 0.019691 -0.000100 0.023677 0.999344 -0.027412 11.645400 -0.019044 0.027865 0.999430 -1.422300 0.000000 0.000000 0.000000 1.000000
0.999578 -0.023546 0.016997 -0.000100 0.023961 0.999410 -0.024593 11.645400 -0.016408 0.024990 0.999553 -1.422300 0.000000 0.000000 0.000000 1.000000
0.999601 -0.024446 0.014176 -0.000100 0.024764 0.999435 -0.022724 11.645400 -0.013613 0.023066 0.999641 -1.422300 0.000000 0.000000 0.000000 1.000000
0.999586 -0.025606 0.013155 -0.000100 0.025892 0.999422 -0.022050 11.645400 -0.012582 0.022381 0.999670 -1.422300 0.000000 0.000000 0.000000 1.000000
0.999553 -0.026658 0.013564 -0.000100 0.026957 0.999387 -0.022352 11.645400 -0.012959 0.022708 0.999658 -1.422300 0.000000 0.000000 0.000000 1.000000
0.999536 -0.027328 0.013461 -0.000100 0.027636 0.999349 -0.023179 11.645400 -0.012819 0.023540 0.999641 -1.422300 0.000000 0.000000 0.000000 1.000000
0.999530 -0.027720 0.013093 -0.000100 0.028025 0.999327 -0.023663 11.645400 -0.012428 0.024019 0.999634 -1.422300 0.000000 0.000000 0.000000 1.000000
0.999536 -0.027786 0.012457 -0.000100 0.028071 0.999333 -0.023345 11.645400 -0.011800 0.023683 0.999650 -1.422300 0.000000 0.000000 0.000000 1.000000
0.999547 -0.027732 0.011713 -0.000100 0.027994 0.999349 -0.022779 11.645400 -0.011074 0.023096 0.999672 -1.422300 0.000000 0.000000 0.000000 1.000000
0.999558 -0.027627 0.010947 -0.000100 0.027863 0.999367 -0.022106 11.645400 -0.010329 0.022401 0.999696 -1.422300 0.000000 0.000000 0.000000 1.000000
0.999568 -0.027537 0.010244 -0.000100 0.027752 0.999384 -0.021467 11.645400 -0.009646 0.021742 0.999717 -1.422300 0.000000 0.000000 0.000000 1.000000
0.999575 -0.027431 0.009877 -0.000100 0.027632 0.999402 -0.020790 11.645400 -0.009301 0.021054 0.999735 -1.422300 0.000000 0.000000 0.000000 1.000000
0.999586 -0.027346 0.008959 -0.000100 0.027525 0.999410 -0.020562 11.645400 -0.008391 0.020800 0.999748 -1.422300 0.000000 0.000000 0.000000 1.000000
0.999597 -0.027263 0.007963 -0.000100 0.027421 0.999416 -0.020396 11.645400 -0.007402 0.020606 0.999760 -1.422300 0.000000 0.000000 0.000000 1.000000
0.999606 -0.027181 0.006936 -0.000100 0.027316 0.999422 -0.020256 11.645400 -0.006381 0.020437 0.999771 -1.422300 0.000000 0.000000 0.000000 1.000000
0.999615 -0.027098 0.005925 -0.000100 0.027212 0.999428 -0.020103 11.645400 -0.005376 0.020256 0.999780 -1.422300 0.000000 0.000000 0.000000 1.000000</float_array><technique_common><accessor source="#mixamorig_Spine1-Matrix-animation-output-transform-array" count="66" stride="16"><param type="float4x4"/></accessor></technique_common></source><source id="mixamorig_Spine1-Interpolations"><Name_array id="mixamorig_Spine1-Interpolations-array" count="66">
 LINEAR LINEAR LINEAR LINEAR LINEAR LINEAR LINEAR LINEAR LINEAR LINEAR LINEAR
LINEAR LINEAR LINEAR LINEAR LINEAR LINEAR LINEAR LINEAR LINEAR LINEAR LINEAR LINEAR
LINEAR LINEAR LINEAR LINEAR LINEAR LINEAR LINEAR LINEAR LINEAR LINEAR LINEAR LINEAR
LINEAR LINEAR LINEAR LINEAR LINEAR LINEAR LINEAR LINEAR LINEAR LINEAR LINEAR LINEAR
LINEAR LINEAR LINEAR LINEAR LINEAR LINEAR LINEAR LINEAR LINEAR LINEAR LINEAR LINEAR
LINEAR LINEAR LINEAR LINEAR LINEAR LINEAR LINEAR</Name_array><technique_common><accessor source="#mixamorig_Spine1-Interpolations-array" count="66"><param type="name"/></accessor></technique_common></source><sampler id="mixamorig_Spine1-Matrix-animation-transform"><input semantic="INPUT" source="#mixamorig_Spine1-Matrix-animation-input"/><input semantic="OUTPUT" source="#mixamorig_Spine1-Matrix-animation-output-transform"/><input semantic="INTERPOLATION" source="#mixamorig_Spine1-Interpolations"/></sampler><channel source="#mixamorig_Spine1-Matrix-animation-transform" target="mixamorig_Spine1/matrix"/></animation>
    <animation id="mixamorig_Spine2-anim" name="mixamorig_Spine2"><source id="mixamorig_Spine2-Matrix-animation-input"><float_array id="mixamorig_Spine2-Matrix-animation-input-array" count="66">

0.000000 0.033333 0.066667 0.100000 0.133333 0.166667 0.200000 0.233333 0.266667 0.300000 0.333333 0.366667 0.400000 0.433333 0.466667 0.500000
0.533333 0.566667 0.600000 0.633333 0.666667 0.700000 0.733333 0.766667 0.800000 0.833333 0.866667 0.900000 0.933333 0.966667 1.000000 1.033333
1.066667 1.100000 1.133333 1.166667 1.200000 1.233333 1.266667 1.300000 1.333333 1.366667 1.400000 1.433333 1.466667 1.500000 1.533333 1.566667
1.600000 1.633333 1.666667 1.700000 1.733333 1.766667 1.800000 1.833333 1.866667 1.900000 1.933333 1.966667 2.000000 2.033333 2.066667 2.100000
2.133333 2.166667</float_array><technique_common><accessor source="#mixamorig_Spine2-Matrix-animation-input-array" count="66"><param name="TIME" type="float"/></accessor></technique_common></source><source id="mixamorig_Spine2-Matrix-animation-output-transform"><float_array id="mixamorig_Spine2-Matrix-animation-output-transform-array" count="1056">

0.999611 -0.027151 0.006310 0.000100 0.027271 0.999435 -0.019651 13.360200 -0.005773 0.019815 0.999787 -1.626500 0.000000 0.000000 0.000000 1.000000
0.999595 -0.027633 0.006806 0.000100 0.027767 0.999404 -0.020517 13.360200 -0.006235 0.020697 0.999766 -1.626500 0.000000 0.000000 0.000000 1.000000
0.999578 -0.028114 0.007303 0.000100 0.028264 0.999372 -0.021382 13.360200 -0.006697 0.021579 0.999745 -1.626500 0.000000 0.000000 0.000000 1.000000
0.999566 -0.028564 0.007265 0.000100 0.028721 0.999335 -0.022456 13.360200 -0.006619 0.022655 0.999721 -1.626500 0.000000 0.000000 0.000000 1.000000
0.999561 -0.029028 0.005912 0.000100 0.029162 0.999286 -0.024033 13.360200 -0.005210 0.024195 0.999694 -1.626500 0.000000 0.000000 0.000000 1.000000
0.999563 -0.029295 0.003887 0.000100 0.029386 0.999232 -0.025904 13.360200 -0.003125 0.026007 0.999657 -1.626500 0.000000 0.000000 0.000000 1.000000
0.999588 -0.028649 0.001776 0.000100 0.028687 0.999197 -0.027959 13.360200 -0.000974 0.027998 0.999607 -1.626500 0.000000 0.000000 0.000000 1.000000
0.999648 -0.026528 -0.000974 0.000100 0.026485 0.999165 -0.031116 13.360200 0.001799 0.031079 0.999515 -1.626500 0.000000 0.000000 0.000000 1.000000
0.999701 -0.024054 -0.004302 0.000100 0.023889 0.999104 -0.034930 13.360200 0.005138 0.034817 0.999380 -1.626500 0.000000 0.000000 0.000000 1.000000
0.999726 -0.021248 -0.009825 0.000100 0.020829 0.998943 -0.040968 13.360200 0.010686 0.040752 0.999112 -1.626500 0.000000 0.000000 0.000000 1.000000
